-0.482554525 0.083678909 0.904366970
-0.043255821 0.092461608 0.830617309
-0.335859686 0.020303469 1.091098070
-0.443084151 0.106801711 0.896742463
-0.470685422 0.090293720 0.900933921
-0.354480356 0.141198516 0.835625708
0.287401527 0.032343272 1.145027280
-0.286414117 0.105510697 0.923572004
-0.038966179 0.146674454 0.852585912
0.092467397 -0.083559312 1.038419366
-0.221188605 0.118875377 0.906441569
-0.466354549 0.136504769 0.841227770
0.104568720 -0.154234499 1.090099216
-0.082877375 0.168696865 0.807914495
-0.364676535 -0.071500361 1.174754858
-0.037270896 -0.053737149 0.769986808
-0.119731776 -0.110241555 0.772174895
-0.424697429 0.130059719 0.855128288
-0.150913388 -0.693347931 3.546128988
-0.527457476 0.063180022 0.951243341
0.029079111 -0.119091555 0.819396675
-0.694940686 -0.092262849 1.239140153
-0.267699540 0.143939510 0.843726635
-0.364589572 0.099012129 0.919545591
0.096460372 0.167392641 0.900293946
0.093483321 0.158192992 0.861130714
0.117968448 0.101794407 0.975583553
0.135776892 0.009468948 1.008104801
-0.545081675 -0.109967038 1.265350342
-0.326594740 0.100774214 0.929889321
-0.077599518 0.193510383 0.756325245
0.010291606 0.155388132 0.851877809
-0.091431253 0.186863154 0.769815445
-0.577586293 -0.078087933 1.144606829
-0.304200083 -0.008281334 1.104732394
-0.062198423 0.072774246 0.828824401
-0.296910912 0.063589610 0.997246921
-0.570526838 -0.098864421 1.232394934
-0.477967530 -0.156384513 1.292564034
-0.553959787 -0.173676535 1.385329008
-0.315832019 0.093705222 0.945376575
-0.294028878 0.189375967 0.754507065
-0.038950913 -0.053225234 0.769965351
-0.076195143 0.000099675 0.804145753
0.122786552 -0.033069644 1.025986552
-0.036109332 0.211902633 0.724094629
0.106817678 -0.046787336 1.027356148
-0.103122279 -0.114190914 0.784762502
-0.299807638 0.061105911 0.989189923
-0.373320758 -0.084948607 1.213419318
-0.095181294 -0.042761665 0.790753484
-0.468907923 0.045784242 0.948015869
-0.265614718 0.142092273 0.844618618
-0.419174969 0.128645748 0.851290405
-0.409291774 0.076848716 0.926025271
-0.143690795 0.059535738 0.847459376
0.191819713 0.062487423 0.991250932
0.140094057 0.038796835 0.989623606
-0.197611421 0.125643492 0.888507247
-0.078349002 0.188437521 0.774622858
0.125112161 -0.135044903 1.080124378
-0.030232815 0.202537179 0.733485222
-0.171133682 0.136476263 0.876429498
-0.188899264 -0.158236861 0.873582959
0.019597214 0.103674874 0.890921533
-0.265423745 0.141677439 0.848725855
-0.292575926 0.190337360 0.755656362
-0.176620260 0.035784319 0.847588897
-0.077573560 0.039375793 0.824600399
-0.379207909 0.158328444 0.793386340
0.115836836 -0.035940103 1.027770042
-0.543944001 -0.190463752 1.389034033
-0.089382522 -0.106411695 0.771411240
-0.010529278 0.194032460 0.760637045
-0.214436427 0.146125466 0.845498681
-0.104036756 0.151625752 0.840211034
0.107767977 -0.046617094 1.025278211
0.144086048 -0.100095399 1.075969934
-0.026343964 0.204342067 0.740826428
-0.345242530 0.086450770 0.952745736
-0.112762794 0.155446351 0.858777046
-0.001950465 0.143303245 0.872668624
-0.778397322 -0.222202718 1.401924849
-0.688790739 -0.264346749 1.570186973
-0.175437883 -0.034146201 0.820598423
0.057112250 0.153881073 0.858552635
-0.153392062 0.133861631 0.882286966
-0.145603746 0.050852254 0.842721820
-0.243685558 0.086702071 0.911135972
-0.499903858 0.076520033 0.909797966
-0.537313223 -0.108596757 1.247574925
-0.056535628 0.176704779 0.792843938
-0.137004092 0.005416042 0.818997681
-0.122644812 0.173582137 0.794949174
-0.017533537 0.184263110 0.787272871
-0.060297258 0.019181730 0.809067965
-0.065110095 0.070683300 0.829046607
-0.374676228 0.100576535 0.895085812
-0.170381874 0.135987550 0.874832392
-0.174536496 0.163022593 0.808898807
-0.482070804 0.085485235 0.909934819
-0.427380413 0.062986016 0.934873641
-0.353657961 0.140469193 0.836089730
0.140828609 -0.099826060 1.061085820
0.133262619 0.010405187 1.003541708
-0.206756994 0.136862576 0.868574083
-0.754676580 -0.160228193 1.365653276
0.013120499 0.185217589 0.790668428
-0.168858588 0.160574719 0.829087079
-0.218583465 0.147129193 0.848760188
-0.376924276 0.126977399 0.866127729
-0.193157241 -0.074732505 0.810879171
-0.176172093 0.151841253 0.835099816
-0.323062837 0.103309795 0.921979487
-0.184103355 0.152501777 0.837041855
-0.202470720 0.156943813 0.818327606
-0.140885159 0.045417640 0.843980849
-0.056391887 0.174295738 0.798590302
-0.061613582 -0.003102523 0.798511565
0.012111291 0.140179440 0.886931539
-0.177802533 0.037751999 0.848185062
-0.373597741 0.126063600 0.862230837
-0.081064336 0.168021664 0.809660971
-0.289922833 0.131020829 0.864422739
-0.109921865 0.167658642 0.804551601
-0.099078633 0.049126264 0.829552591
-0.414535850 0.072440661 0.919227362
-0.256051004 0.146470040 0.834655106
0.124204487 -0.135828733 1.071467042
-0.615352154 -0.114357106 1.290392399
-0.317300558 0.103732705 0.917135775
0.193762004 0.006152110 1.019673705
-0.247751340 0.130665660 0.869590819
-0.111555971 0.157556787 0.831728280
-0.466518700 0.047191299 0.946524978
-0.099878371 -0.028516309 0.797890186
1.414280057 0.357962161 3.057935238
-0.806731403 -0.343588412 1.821395755
-0.115521006 0.151206151 0.836917818
-0.127690986 0.135802373 0.879745603
-0.121763617 -0.111208074 0.772540331
-0.636787951 -0.073693365 1.187038183
0.125448242 0.030009221 0.987141550
-0.243817940 0.128941268 0.881734371
-0.377618879 0.096122324 0.888298631
-0.067967743 0.065975673 0.828009665
-0.347392350 0.085607708 0.956191480
-0.134904325 -0.113360398 0.781589866
-0.346225470 0.144242451 0.846378624
-0.257472008 0.118178912 0.836838603
0.281929791 0.042603962 1.111284733
-0.159054399 0.170647234 0.791815221
-0.056363743 0.157103956 0.841393709
-0.243457034 0.130222723 0.881037652
-0.191283956 0.146499589 0.849918902
-0.141097948 0.061684333 0.846909285
-0.135561153 -0.029060708 0.807778656
-0.158683851 0.058977384 0.851477265
-0.032708004 0.098529868 0.832016170
-0.059105866 -0.001630176 0.795867085
-0.347938806 0.086656407 0.957199574
-0.057749908 -0.037625298 0.782320559
-0.578261375 -0.082251683 1.194372177
-0.060870964 0.055942506 0.822940290
-0.091283746 0.140438110 0.871716082
-0.158154696 -0.031887308 0.815126240
-0.098851584 0.047981672 0.826849997
-0.191665843 -0.073647581 0.810304105
0.141634122 0.035660926 0.994845510
-0.525782168 -0.086240090 1.239445448
-0.338016063 0.078668073 0.971484303
-0.352390617 0.091112457 0.938018084
-0.292850763 0.138029575 0.848659456
-0.137652159 0.006366121 0.822730720
-0.609534562 -0.114887148 1.283982038
-0.079791948 0.069734976 0.831546664
-0.262930810 0.044682182 1.046921015
-0.323780805 0.122951753 0.881811023
-0.610410571 -0.290295452 1.636961579
1.680888176 0.044557463 3.296006918
1.546840072 -0.278526902 2.889351845
0.013754390 0.139854640 0.889399409
-0.101332694 0.015179849 0.817258954
-0.311040640 -0.014906940 1.101147652
-0.214551598 0.157240182 0.818279624
-0.007435000 0.125248447 0.842828810
-0.371618241 -0.090835407 1.198678970
-0.135835305 -0.028311612 0.809577346
-0.306832880 0.058811527 1.010687470
-0.029263981 -0.064226009 0.767452478
-0.602311611 -0.075410232 1.203665018
-0.423801124 0.064749725 0.931958616
-0.250691175 0.066285871 1.011638284
-0.284187019 -0.065293886 1.082692623
-0.378900290 0.159043953 0.796530724
-0.318712741 0.077607229 0.982681394
-0.440361857 0.102613360 0.872692347
-0.393832982 0.110373951 0.870031953
0.161284298 0.025778601 1.007064462
-0.545310676 0.020047117 1.009188175
-0.158388630 0.058976214 0.849554539
-0.496366143 -0.132556140 1.301292658
-0.700598180 -0.127490819 1.328073978
-0.248347923 -0.063520409 1.000998855
0.009147209 0.099000394 0.863913238
-0.203444645 0.126492009 0.887044847
-0.817785800 -0.195716947 1.404081225
-0.291807026 -0.198895246 1.452496290
-0.103051111 -0.032398060 0.794930935
-0.498231530 0.074398644 0.901377916
-0.506193161 0.066630103 0.916010022
-0.254900634 0.063193411 1.001596928
-0.539975286 -0.102495551 1.162801266
-0.261790693 0.058601856 1.048531651
-0.077291168 0.013788462 0.810207188
-0.554934502 0.100942671 0.899883568
-0.395220876 0.198743939 0.718718648
-0.759148479 -0.184000120 1.135945797
-0.507358372 0.196292952 0.714255929
-0.600738704 0.100430764 0.890609324
-0.711860597 -0.109652430 1.296872139
-0.215121642 0.150107101 0.857258677
-0.503906965 -0.159376353 1.068864584
-0.817040920 -0.193239033 1.408371449
-0.595083594 0.099539503 0.891538024
-0.540373147 0.030658334 0.985085607
-0.633439422 0.077629142 0.942079425
-0.790870488 -0.049972862 1.185325384
-0.551091194 -0.105035700 1.226226926
-0.497928590 0.064924844 0.907683432
0.277628601 0.041975856 1.106164813
-0.286598653 0.006225188 1.053893209
-0.601184785 0.163817689 0.719946623
0.063518323 0.154398397 0.859389603
-0.778533041 -0.046045326 1.175458789
-0.045116883 0.090927333 0.832287610
-0.177521139 0.036377218 0.848113477
-0.041907445 -0.051999953 0.773821533
-0.396708608 0.113267928 0.874288678
-0.573374271 0.076448090 0.933189273
-0.378673404 -0.025568023 1.138032079
-0.481473088 0.085864544 0.914657116
-0.714300275 -0.018564157 1.037316084
-0.664605618 -0.075057529 1.176261663
-0.716555893 -0.017861087 1.039067268
-0.402399719 0.206812575 0.693611026
-0.541408420 0.100054152 0.906246126
0.023141241 0.177886322 0.803931594
-0.606893301 0.038447950 0.954978228
-0.612355292 0.107141048 0.876560390
-0.692475021 0.124087289 0.839490473
-0.806809068 -0.003278099 1.004039645
-0.589156032 0.105597906 0.890271604
-0.652443051 0.104730316 0.857512116
-0.470831871 0.087785363 0.896059990
-0.717750013 0.055502098 0.907291770
-0.843869984 -0.129111648 1.087012649
-0.641165018 -0.007252058 1.058093548
-0.518799186 0.244142562 0.561706066
-0.482587814 0.240164950 0.592234790
-0.171761125 -0.033468761 0.815772176
-0.506365895 0.197448760 0.719199240
-0.118220508 0.174559012 0.793133378
-0.679967165 0.054648552 0.930815756
-0.791895926 -0.000364140 1.004030108
-0.481615901 0.083538637 0.902845383
-0.769558847 -0.135589570 1.148826361
-0.606951833 0.036880765 0.944777846
-0.717011094 0.054225251 0.904216468
-0.110913433 0.157657862 0.832977831
-0.643643260 0.105152301 0.855257571
-0.852504492 -0.165890932 1.084782481
0.119864345 -0.035081480 1.022889614
-0.654980361 0.105020247 0.861891031
-0.653590739 0.105051883 0.863423228
-0.852107584 -0.167717606 1.083232760
-0.376400858 -0.087135345 1.227225065
0.053510528 0.155187398 0.864347279
0.118479759 0.148395598 0.890580416
-0.667863429 0.116309054 0.850344718
-0.075904019 0.005026414 0.812693000
-0.001869816 0.142892987 0.869330764
-0.506723523 0.018545797 1.030368090
0.016301945 0.177202210 0.802975953
1.415250540 0.345097303 3.078013182
-0.106402047 0.186747476 0.767745972
-0.638871133 -0.006074446 1.055189371
-0.517765701 0.255425334 0.524506450
-0.718587399 0.055990625 0.909117937
-0.403557271 0.202490836 0.693367481
-0.081556074 0.150808826 0.849894047
0.020168221 0.177710906 0.807044804
-0.788245738 0.003083279 0.996912718
-0.755175591 -0.180918202 1.138564467
-0.722193241 -0.086965099 1.274821758
-0.579666317 0.076658271 0.951374173
-0.692979693 0.100253455 0.885723710
-0.304455489 0.259849191 0.615908265
0.025086325 0.076236255 0.941154599
-0.454753757 0.106157176 0.883225918
-0.501400054 0.073255353 0.899430811
0.092762448 -0.077163294 1.037097931
-0.208881572 -0.131670102 0.804968655
-0.566897988 -0.304984331 1.795591950
-0.683881760 0.066959985 0.933585167
-0.483147740 0.241480038 0.575886071
0.275718838 0.010432694 1.193204880
-0.518180251 0.254453272 0.525224507
-0.610075772 -0.292173624 1.655579090
-0.037993841 0.194629744 0.744428277
-0.736750484 0.005495729 1.013089538
-0.075413018 0.203660011 0.733867526
-0.674907029 0.054697387 0.920422196
-0.689224303 0.054152351 0.948242545
-0.301293403 0.255025268 0.609178245
-0.525285363 0.280298203 0.476667732
-0.537668884 0.267333210 0.495072722
-0.087244697 0.230880961 0.644281447
-0.534397840 0.248334527 0.580716133
-0.279906124 0.011052401 1.015068293
-0.289484590 -0.060036257 1.099915862
-0.197600335 0.070873529 0.872343063
-0.541647732 -0.191496313 1.382357478
-0.427197546 -0.091212310 1.169642568
0.023049938 0.079892151 0.978100896
-0.029154062 0.197042882 0.828322411
-0.706684232 0.039272051 0.917165577
-0.725855887 0.043361593 0.890371859
0.049478415 0.163324848 0.840750396
-0.031618133 0.205587178 0.741586804
-0.696051180 0.069820479 0.952911556
-0.075571038 0.203386709 0.740574539
-0.353854477 0.219590917 0.585888147
-0.535506964 0.266718715 0.492190003
-0.679747164 0.211287960 0.675855219
-0.153462857 0.130910158 0.875461519
-0.513768196 0.161684960 0.732871652
-0.077377222 0.187675327 0.772971272
-0.724417090 0.046159044 0.890383780
-0.824264586 -0.028501233 1.126102090
-0.427714020 -0.094772615 1.185223699
0.260254055 0.016705023 1.160177588
-0.040072586 0.200337872 0.750654697
-0.860451102 -0.335083574 2.002789497
-0.078146413 -0.104172513 0.773014367
-0.479936838 0.199018076 0.706586540
-0.067812398 0.182376236 0.784063756
0.067736588 -0.034964688 1.017109632
0.022821199 -0.030771578 1.006306648
0.187055454 0.073296398 1.009008646
-0.469302177 0.135189980 0.839766979
-0.013457422 0.169345558 0.824234426
-0.249083221 0.047823042 0.901604474
-0.439877838 0.138969198 0.879947484
-0.798468947 -0.216487914 1.421674132
0.104275204 -0.153005689 1.080752254
0.164958984 0.023543129 1.000248432
-0.054553144 0.178596243 0.795426250
0.163089439 -0.152663350 1.093653440
0.022555171 -0.003207278 0.988622606
-0.078072421 0.177201316 0.777753353
-0.614403069 -0.017163167 1.065840364
0.085596733 -0.132602587 1.073031545
-0.028763777 0.166525245 0.829787731
0.077644207 -0.031710520 1.015718341
-0.166983292 -0.032720581 0.816320598
-0.309431016 0.093219124 0.941044986
-0.587199032 0.077556513 0.957402945
-0.708189607 0.027592257 0.942861915
-0.134582028 -0.027268395 0.807558060
-0.634505868 0.110508420 0.869686425
-0.056844715 0.157456964 0.841221571
-0.799866855 -0.339344531 1.813461542
-0.076403022 0.004140199 0.812307954
-0.854488432 -0.321655869 1.991393566
0.008620778 -0.089813791 0.746629417
-0.356127530 0.091703504 0.939651310
-0.631061733 0.030334374 0.976218641
0.189942583 0.071060307 0.977899611
-0.285297215 -0.156205297 1.472390294
0.118678100 0.150781438 0.894265950
-0.251701057 -0.152559295 1.407042623
-0.690300941 -0.059950873 1.194537997
-0.420452505 0.115129463 0.889540493
-0.135237724 -0.108731970 1.355111837
-0.077277370 0.036975320 0.818282723
-0.055800918 0.156704515 0.836937964
-0.175945997 -0.149575219 1.414844513
0.004491335 0.135215178 0.895913422
-0.222857267 0.144693151 0.843716145
-0.109857090 0.170421794 0.804140270
-0.295367688 -0.198948279 1.471856952
0.094161488 -0.078189246 1.035971165
0.013376250 0.097187459 0.927339196
-0.637695014 0.038498878 0.932884991
0.020316072 0.080055721 0.977750599
-0.016165640 0.150791317 0.853320479
-0.475336462 0.198867366 0.705599368
-0.603653371 0.163967699 0.728781700
-0.529880702 0.062640429 0.962736785
-0.159621567 0.169780254 0.794825196
0.119223982 0.149829254 0.894353926
-0.021144727 0.188555822 0.774621367
-0.693588555 0.124147974 0.843081117
0.282067478 0.049220733 1.134522200
-0.538007498 0.060899973 0.965057671
-0.076488473 0.168384522 0.815099955
-0.644083023 -0.076146170 1.194901109
-0.425405949 0.216115087 0.589003742
0.050688460 0.138096377 0.971961856
-0.036399111 0.196457669 0.763060153
-0.637118161 0.041682571 0.945118248
-0.552787125 -0.169316277 1.392109752
-0.279113859 -0.063615769 1.104112744
-0.617229640 0.035175066 0.946563303
-0.143937439 0.218169212 0.690048933
-0.061215296 0.019024756 0.811657548
-0.285837620 0.013086728 1.050278544
-0.824316919 0.004249760 1.057498693
-0.415564269 0.128650621 0.853712618
-0.669032753 0.009146599 1.024354100
-0.353125155 -0.138847187 1.430612564
-0.677330732 -0.350012839 2.072465658
-0.726140261 0.048147514 0.891270816
-0.635863185 0.079846472 0.946079016
-0.005492436 0.123049095 0.844870269
-0.849479198 -0.166781783 1.076259971
-0.125149876 0.226080343 0.683924615
-0.609379292 -0.318982929 2.027435064
-0.640054464 -0.293117374 1.679066062
-0.616519153 -0.320022881 2.046719313
-0.506571412 0.196489543 0.712677121
-0.287864745 -0.199493647 1.458663344
-0.865461826 -0.169147983 1.114988089
-0.733822227 0.061077155 0.955380678
0.097509198 0.138710707 0.898455143
-0.266833842 -0.153307498 1.417019963
-0.746201634 0.009777401 1.004861712
-0.263788730 0.139161110 0.848916650
1.829565883 -0.940945089 3.031790972
-0.516615808 -0.172381982 1.381109953
1.489911079 0.013457415 2.970001221
-0.286538780 0.103585936 0.920819163
1.683216453 0.481026351 2.633704424
1.295753002 0.381385386 2.143513680
-0.022277394 0.193168581 0.735637128
-0.395955354 0.211928785 0.762895942
0.062265679 0.121186368 0.845939338
-0.190792680 -0.156716779 0.865744293
-0.023504892 0.203265816 0.736971736
-0.670973659 0.040782716 0.866818488
-0.706723332 -0.027954683 1.084033728
1.793846726 0.514818907 2.834024429
0.075056352 -0.148754328 1.017214417
-0.011905089 -0.098543137 0.732806325
-0.298516423 -0.191205591 1.370257974
3.290163279 0.192119211 4.979420185
2.031478405 -0.304178476 3.652050495
-0.112537570 0.168463200 0.811305344
-0.652293742 0.195529446 0.648959398
-0.589816332 0.182382867 0.695794880
-0.841817558 -0.037219688 1.161307335
-0.481613487 0.151008189 0.735375643
0.007663546 0.062808827 0.834181845
-0.066343084 0.203038335 0.745098412
-0.482821614 0.146910906 0.544933915
-0.370777935 0.125190943 0.868206143
-0.221290007 -0.048355855 0.992417991
-0.253059298 0.065953486 1.016621947
-0.460520953 0.120910645 0.767838061
0.186195821 0.013886124 1.001703382
-0.485635608 0.251292914 0.601752520
-0.279305130 -0.061440688 1.042793393
-0.237362549 0.202635884 0.791173041
-0.250327587 0.187425852 0.753440201
-0.477149099 0.121378914 0.857952237
0.680594683 -0.651088297 3.167980671
1.817571521 0.265208155 2.789263725
2.009010077 0.290318727 3.047542572
-0.257027060 0.205657825 0.749153078
-0.836404920 -0.047893979 1.135971069
-0.225158662 0.211081758 0.708004057
-0.524299324 -0.017254448 1.105868220
-0.053212017 0.227632269 0.697603405
-0.266716927 0.181842968 0.762748897
-0.185264230 0.210936472 0.714601457
-0.454852670 0.156722054 0.744690180
-0.454807907 0.108696833 0.893432438
-0.593767703 0.101624683 0.892300069
-0.665600419 -0.119011685 1.286072731
-0.255761325 -0.152883202 1.402276754
-0.535085201 -0.086664952 1.267727017
-0.424939066 -0.095071144 1.184519410
-0.631954193 -0.072266437 1.186202049
-0.002567986 0.127966568 0.855590284
-0.644024014 -0.008694235 1.054400921
-0.547381639 0.025030123 1.003404617
-0.201098025 0.155512691 0.819896996
0.024966592 0.178291187 0.801605880
-0.389239967 -0.033530332 1.155851960
-0.016639311 0.198354840 0.749042332
-0.098150931 -0.111849532 0.773905933
0.131420702 -0.133106887 1.077304602
0.049218271 0.162429243 0.841002107
-0.542854488 -0.193314314 1.390778661
-0.033757254 0.171351612 0.840224922
-0.252301931 0.133267581 0.872685134
-0.016257958 0.186361074 0.800505877
-0.370066464 0.125736028 0.860458136
-0.453706950 0.081649400 0.890748978
0.064099692 0.155640155 0.863847077
-0.325944453 0.123858564 0.883232415
0.149204135 -0.101897314 1.065309525
0.121553220 -0.138177082 1.087662935
0.285279483 0.032205429 1.158474088
-0.231257573 0.144880533 0.852868915
-0.411097944 0.080178715 0.930815816
-0.012939733 0.169794381 0.820674479
0.275161356 0.003002308 1.144700289
-0.030624768 0.101384372 0.831872106
-0.231890112 0.125032216 0.860878468
0.164789990 -0.152714655 1.096712470
0.079171583 -0.098260090 1.055565596
-0.295994997 -0.201302081 1.471162319
0.180069819 -0.017003436 1.203477502
0.043882396 -0.078441732 1.008528113
-0.444939852 0.135998949 0.814714730
-0.007047049 0.152814791 0.859986007
0.185369149 -0.036834896 1.068219662
-0.379753590 0.159489259 0.799904764
-0.144340843 0.143225610 0.850321412
-0.283154726 0.129337341 0.855030656
-0.661744475 -0.302988529 1.716335177
0.016080506 0.123991333 0.863265872
-0.013116471 0.167214721 0.821806908
-0.059906904 0.035699476 0.811958075
-0.209888235 0.140151247 0.878404319
-0.171494856 0.136021033 0.876942337
-0.225037619 0.072049819 0.868350863
0.123837538 0.081957176 0.986227989
-0.123987280 0.136442900 0.878921032
-0.444368482 0.130862072 0.812831700
0.576295912 0.136309177 3.067130327
0.053530533 0.110739358 0.933841884
0.004022897 -0.125271216 1.036465049
0.173291966 -0.109228082 1.179461002
0.120553829 0.142728031 0.881639659
-0.200958118 0.160693601 0.806931019
-0.175366700 -0.035377946 0.818140566
0.122484908 -0.035779379 1.023878217
-0.437985092 0.053724010 0.839082420
-0.117773734 0.175330445 0.796390712
-0.427358091 0.039746325 0.894196987
0.193423823 0.062456243 0.991596282
0.099048123 0.110041015 0.947143435
0.012801190 0.099301726 0.925535083
-0.264125347 0.141213477 0.839629829
-0.789101720 0.001725906 0.999487758
0.028506087 0.087677225 0.994874120
-0.073210523 -0.086247519 1.311421037
-0.495179087 0.049902886 0.942719579
-0.750635743 -0.190313816 1.132172942
0.164137542 -0.140785769 1.087358356
0.163871989 -0.141771138 1.109091401
-0.480142027 -0.238389775 1.583928585
-0.319765568 0.068306826 1.046605110
-0.396981716 0.197493315 0.720788836
-0.809181452 -0.191452786 1.398144007
0.234983057 0.098043092 1.178701043
-0.140516013 0.062289853 0.847487926
-0.111944832 -0.115459867 0.803794861
0.077384062 -0.045540366 1.019407749
-0.588949263 0.105708450 0.889772654
-0.395205677 0.198180363 0.717458129
0.163818046 -0.153640226 1.095260382
-0.743826687 -0.047430623 1.143512011
-0.843940437 -0.190309227 1.144349098
0.048862103 0.163296700 0.836558163
0.193365186 0.060250454 0.986761332
0.000038976 0.197097078 0.825046301
-0.138996884 -0.029509127 0.815531313
0.086495534 -0.137177214 1.069080830
-0.539836943 0.100821391 0.904084206
0.081862472 0.085811421 0.993565142
-0.076611534 -0.000415226 0.804272056
-0.538793623 -0.124664843 1.243654013
-0.237219855 0.052216183 0.893355608
0.070877664 -0.045846868 1.024257064
-0.302298129 0.085335888 0.968359470
-0.100214377 0.015528088 0.818279624
-0.489953399 0.051870476 0.936657906
0.088276125 -0.130052328 1.068195939
0.003042674 -0.090277463 0.743063986
0.029184397 -0.122119360 0.824598014
0.086376563 -0.133262232 1.070569754
0.018768514 -0.000435055 1.002696276
-0.086895078 0.055183984 0.831188858
-1.088945389 -0.109751865 1.889017463
-0.081334352 -0.105785176 0.781974614
0.237584040 0.193682939 1.530393481
0.234009311 0.135843128 1.285598159
0.193417653 -0.004781224 1.030306935
0.102868050 -0.145638302 1.077710986
0.008907488 -0.092725910 0.747089565
0.135925129 0.007518559 0.998258054
0.049006697 -0.065777913 0.740238428
0.140990943 0.035499394 0.965393543
0.002831361 -0.091989227 0.747935891
0.093574926 -0.097090423 1.044574022
0.032311399 0.087175317 0.987184942
-0.541531503 0.079933956 0.946732044
0.181306630 -0.065785654 1.054914951
-0.230667919 0.051832680 0.884485960
0.087062016 -0.105022036 1.044376016
-0.774827063 -0.223273888 1.394556642
-0.251638055 0.007279153 0.900565147
0.104534142 -0.153600901 1.084399104
-0.464936942 0.017758641 1.169457793
-0.474524915 -0.007796235 1.070107341
-0.312614262 0.092296362 0.936664104
-0.097972512 -0.027293541 0.796089292
-0.102832116 0.015026502 0.816024005
-0.238533467 0.081607014 0.902376473
0.009097410 -0.088576958 0.746882021
0.083391286 -0.145212844 1.079879284
0.666310489 -0.705501556 3.071474075
0.713194072 -1.038167357 3.024669170
-0.096671313 -0.043204363 0.793845475
-0.032214418 -0.097679436 0.752587974
0.089130595 -0.076567344 1.002411842
-0.024933053 -0.063255884 0.763516605
-0.082207829 0.056157563 0.834011734
-0.332506776 0.122966871 1.031255841
-0.214433849 -0.125807360 0.795131266
-0.057096545 0.035331171 0.798421800
0.029675584 -0.046502303 0.969414711
0.060238067 -0.118920006 1.065398216
0.057471015 -0.032340121 1.004425645
0.026874328 -0.025351726 0.972744286
-0.397978544 -0.071453959 0.982850552
-0.632477343 -0.138255745 1.379680395
-0.142639011 0.045396633 0.844605386
-0.036615144 -0.050743520 0.766942739
0.025123648 -0.023391431 0.925605953
-0.035523474 -0.053350020 0.767100871
0.027134215 -0.040263366 0.875908673
-0.620624840 -0.078749590 1.199148774
-0.333322048 0.144657090 0.882607043
0.056413006 -0.028807182 0.905939698
-0.398273855 0.021111777 1.172342777
0.121909805 -0.131337509 1.079559445
-0.057327617 -0.037835270 0.785306931
0.123072498 0.029991563 0.989073873
-0.205623284 -0.044401407 0.840277255
-0.232868135 0.108489446 0.904628336
0.662310362 -0.803521991 2.950043440
-0.060161784 0.072631098 0.827452838
0.093933061 -0.097856559 1.049525380
-0.216083780 -0.096193582 0.804703355
0.035987210 -0.038113691 0.904500782
-0.077725008 0.050445616 0.819946826
0.086803637 -0.142753139 1.092147946
-0.059166826 0.019814570 0.809396386
-0.145332694 -0.032051809 0.832033873
-0.062366299 0.075548768 0.839106858
-0.786687374 -0.172459528 1.375203609
-0.361140996 0.114897333 0.902540803
-0.363704175 0.096332960 0.927572548
-0.264915794 0.123061448 0.893334687
0.176202074 0.051958434 0.941430509
-0.442413092 0.120014556 1.022149682
-0.386076391 0.096238442 1.022063851
-0.039941166 -0.055567436 0.782176018
-0.194895208 0.128033862 0.904084384
-1.535611510 0.398294657 2.743912458
-0.157142058 0.038904861 0.841771483
-0.093061350 0.048186392 0.810809076
-0.319655508 0.139399588 0.847059011
-0.244180232 0.008163631 0.892450571
0.036199518 -0.064049825 0.906525850
-0.063077942 0.113049142 0.852595925
-0.237872198 0.132155553 0.847269654
0.013960449 0.109391160 0.926739693
-0.895460844 -0.211095035 1.492426753
0.102890812 0.096785694 0.980876744
-0.324863672 0.122930519 0.884282291
0.044338871 0.104958393 0.934946835
0.013650573 0.111579940 0.934888124
0.111537024 -0.046928585 1.038478494
0.109362371 -0.046610788 1.027819872
-0.706793845 -0.258940846 1.560075521
0.023527831 0.027311655 0.897354126
-0.863015056 -0.306121945 1.756432176
-0.243600264 0.079395086 0.909264803
0.066889763 0.150571927 0.849959433
0.192294076 -0.013466338 1.024832368
-0.408100814 0.079948895 0.974226892
-0.230152875 0.078403391 0.884800553
0.005248397 -0.067622021 1.025383830
0.030446960 -0.045955930 0.967658162
0.039704878 -0.079668276 1.042970538
-0.365038991 -0.140978023 1.050022364
0.073102765 -0.079066716 1.153635263
-0.124502309 -0.115349188 0.759543121
0.211764872 0.133032680 1.172638893
-0.151699275 0.142159209 0.876436949
-0.231006995 0.139163107 0.837877810
-0.843521357 -0.198767453 1.445691824
-0.205621094 0.136486962 0.874201536
-0.078184485 0.037084926 0.820162892
-0.307532996 0.075821750 0.965484977
0.100050546 0.132121116 0.877225518
-0.789775491 -0.344429314 1.795910120
0.033931047 -0.117948718 0.803609550
0.025502212 0.086576380 0.986219645
0.018348893 -0.094364718 1.033947229
0.234538481 0.086624615 1.101200581
0.237096205 0.083381049 1.100235701
0.044918977 -0.041925956 1.043914437
0.095153585 -0.075620219 1.005536795
-0.031516269 -0.082638808 1.135302067
-0.098312005 0.045867160 0.831788361
-0.476114988 -0.496816218 1.328490853
-0.546588004 -0.540649176 1.458354235
0.175979853 0.164445132 1.157258630
-0.555568218 -0.495250732 1.377171993
-0.436951309 -0.249923721 1.560358524
-0.420893192 0.081192024 1.063491344
-0.132041842 -0.113686875 0.773139775
-1.175640702 -0.833425522 3.635907173
-0.732524693 -0.649862349 1.804932117
0.174410224 0.003896783 1.341823816
-0.177952021 0.117982872 0.853732347
-0.077630363 0.012217531 0.758311331
0.164515793 0.026184034 0.990550339
0.010875863 0.121506244 0.937256634
0.073359601 -0.030027483 1.013242483
-0.664125144 -0.649364233 1.806757450
-1.366841197 -1.718016148 4.165751934
-1.349478483 -1.699110746 4.121890545
-0.065643087 0.035583682 0.822440922
-0.063440286 0.066903464 0.784889996
-1.550351858 -1.282684326 4.205985069
-0.331233978 -0.098651454 1.011248469
-0.535503626 -0.118279070 1.274925470
0.122598849 -0.138454378 1.092211604
0.039821025 -0.046978220 0.992851973
0.694748044 -1.038790107 2.965171576
0.030790256 -0.119475223 0.805013478
-0.626238227 -0.294330388 1.691631913
-0.094170667 -0.087532461 1.405256033
-0.800513446 -0.445407569 2.280948400
1.825126052 0.366270751 3.170497894
-0.292985797 -0.107700378 0.941960156
0.083913952 -0.142754257 1.072003722
0.173442438 0.181842759 1.245782495
0.132080778 0.046401884 1.127488613
0.035634656 -0.075044706 1.046278119
-0.621739686 -0.288700163 2.041602850
2.146405697 -0.308936775 3.843638182
2.000352859 0.049105071 4.050487041
0.165862486 -0.136901274 1.040571690
0.131644532 -0.013907293 1.012300372
0.008007621 -0.053634211 0.630837679
-0.076186754 -0.088662118 1.320917010
0.028201763 -0.005134457 0.967468083
0.219336286 0.107082009 1.178008676
0.116046034 0.058430608 0.835001886
-0.781023324 -0.433561414 2.121417761
-0.040911388 -0.051740706 0.774907827
-0.167868212 -0.071525484 0.763358712
-0.076140359 0.036570385 0.839710355
0.217910782 0.116304249 1.232755184
0.185851917 -0.023477105 1.062074304
-0.072002754 0.144658893 0.821171224
-0.644472957 -0.633624434 1.767771482
-0.124801576 -0.109877668 0.754842043
-0.058495205 -0.038528204 0.782881737
0.168640882 -0.134398341 1.024323821
0.013814982 -0.062390935 1.002025008
0.168085441 -0.125072807 0.958637953
0.067655131 0.121430561 0.897843122
0.012256415 -0.067023151 0.998773396
-0.122672081 -0.032542542 0.782412767
0.036875140 -0.045116227 1.030152202
-0.625205457 -0.633386016 1.819374442
0.014329925 0.135245159 0.870148420
-0.062072717 0.071383342 0.823791683
-0.071056798 -0.101885952 0.748295784
-1.869066000 -1.359784603 5.357563496
-0.023975674 0.146709919 0.851007521
-0.030740166 0.190525278 0.754433215
0.056879960 0.159313962 0.878533125
-0.140737221 -0.028698333 0.818198204
0.003228947 0.142813176 0.888225615
-0.169408843 0.047019079 0.867563963
0.017551459 -0.026160436 1.028791428
0.094140537 0.090460025 0.950735509
-0.180229425 0.115079202 0.845379233
0.403637707 0.020820418 1.326037526
-0.194943920 0.166514322 0.886037707
-0.094112009 0.151121035 0.863656342
0.182703048 -0.002197849 1.181973100
-0.067202576 -0.036504727 0.797279656
-0.709812164 -0.624919534 1.763289213
-0.151901811 0.136581868 0.884921253
0.000991970 0.214960784 0.754979134
0.146714374 0.040007487 1.002347827
-0.060871951 0.171470821 0.807706773
-0.075806253 0.186905697 0.771384656
-0.125983298 0.174420401 0.798455298
0.013585842 0.184286326 0.786459267
0.088980153 0.139806435 0.913987458
0.014334476 -0.088449076 0.888502002
0.013808164 0.180687815 0.820672631
-0.051180381 -0.143429667 0.797987938
-0.061348703 -0.001587514 0.803683341
0.000845854 0.141090468 0.886107087
0.273543924 0.010676532 1.188149452
-0.053554893 -0.008796244 0.771208525
0.129735023 -0.101487949 1.120340228
-0.400620580 0.015758181 1.080611348
0.024852922 -0.090563051 0.849549592
-0.325457186 0.063433006 1.039548397
-0.098230071 -0.033579826 0.781285942
-0.531055868 -0.087623365 1.238542795
0.118529707 0.102879532 0.967505455
0.072742991 0.103404388 0.960895896
1.474199414 0.399196088 3.277815580
0.238527149 0.090117559 1.152095437
-0.100085527 -0.029550692 0.793701351
-0.084908575 -0.041992713 0.771701097
0.132516101 0.011607842 1.000692248
-0.369221628 0.100626752 0.933120608
-0.145901531 0.055468466 0.847390175
0.273086846 0.011081941 1.221416473
-1.452807069 -0.835959136 4.442665100
-0.060643755 0.034181558 0.811131954
-0.378343225 0.095681593 0.890929878
-0.509182692 -0.090029858 1.220626831
-0.053609811 0.156338915 0.834254801
-0.036177915 0.213217139 0.766962051
-0.176432699 0.062663920 0.827661693
-0.312793344 0.077123880 0.973875880
0.029230306 -0.074270532 1.074756384
-0.316142380 0.105395213 0.918313980
0.546185911 0.128521726 3.013386726
0.061001658 -0.033596914 0.991611838
-0.006155077 0.151395619 0.898962319
0.472103655 0.044232376 1.186028957
0.188745111 -0.026478060 0.986282706
-0.176863775 0.034401275 0.847668767
-0.329547971 0.006179970 0.953736842
1.270263672 0.367992342 3.620461941
-0.515928805 0.018418293 1.014176488
-0.085501634 0.190386668 0.765011668
-0.083199605 -0.036550570 0.843889177
-0.886189520 -0.714555621 2.659549475
-1.007124782 -0.804532647 2.957439899
-0.161728591 0.213898212 0.705431461
-0.600334287 -0.112699226 1.266751528
-0.871723652 -0.305203229 1.725289822
-0.227085784 0.195702791 0.743937910
-0.428429812 -0.094533198 1.187060833
0.031241355 0.019788971 0.234318003
-0.395450026 0.195605367 0.723345757
0.153250962 -0.018054958 0.277519941
0.972584724 0.257348806 2.748185158
-0.090263985 0.186274037 0.768698573
0.152936041 -0.018333497 0.277112365
-0.378788233 0.171542794 0.754191518
-0.061272591 0.071791120 0.816987157
-0.076149680 0.204057395 0.738764405
0.173623309 -0.118648551 1.082767725
-0.482494920 0.121499442 0.868134260
0.076002672 0.020368267 0.188727781
0.180992305 -0.004807177 0.332954109
-0.103797376 0.172672659 0.829902053
-0.757900298 -0.167180985 1.325121164
-0.121697620 0.147715524 0.866247535
-0.087212324 0.049697507 0.834744215
-0.688642502 -0.091581516 1.231512666
0.119232275 0.077152081 0.937857926
0.033492424 0.072500169 0.912542224
0.160319254 0.029476810 1.029528975
0.014987347 0.071477965 0.982542753
0.213201642 0.126988143 1.086291552
-0.190824106 -0.070723414 0.815652430
-0.003528705 0.187401772 0.712330580
-0.021485807 -0.089772895 0.853366971
0.194831342 0.059465189 0.947798789
0.013918106 0.125135571 0.862381637
-0.026312293 0.208286926 0.748775363
0.227155089 0.207691908 1.069787741
-0.602140963 -0.201914653 1.509128451
-0.110774696 0.150694191 0.768148959
-0.028317640 0.172579095 0.843631983
-0.239422187 -0.074509442 0.910715401
0.042670421 -0.039926335 1.023523927
-0.226744398 -0.217488065 0.917032063
-0.067482539 0.019760076 0.830250084
-0.106807537 0.190683588 0.788641751
0.069319107 0.088092543 1.004235625
0.133469537 -0.149279103 1.086648464
-0.081201926 0.040003754 0.833296955
-0.051194869 0.209957033 0.759860635
-0.104226694 0.188643992 0.782667994
0.107563525 0.155726135 0.916611791
-0.087730877 0.181309730 0.866085351
-0.185816184 -0.036314733 0.843608141
0.015258725 0.155623659 0.843190551
0.647469640 0.105876908 1.501764774
-0.125265136 0.148715898 0.828246653
-0.078455530 -0.099913016 0.763155699
-0.866675138 -0.204124913 1.467659831
-0.466398537 0.046539143 0.941871881
0.226093948 0.122382127 0.797502875
-0.299816012 -0.052309386 0.948542595
0.504582167 0.114242472 3.196919203
-0.512992859 0.077443764 0.922266901
-0.002243306 -0.091587022 0.756813943
-0.056188229 0.167493418 0.817537427
-0.040333472 0.199804798 0.750209987
-0.419081151 0.062560700 0.926507354
0.220828548 0.307138979 1.073141932
-0.704493225 -0.128527135 1.339510083
-0.182660803 0.143353954 0.840193868
0.919426024 0.267178684 3.730899811
-0.291720361 0.175422832 0.785158455
0.037471015 0.045580436 0.264208525
-0.506382763 -0.105018437 1.216035485
-0.010439490 0.223155901 0.760404289
-0.173699751 0.159786701 0.817794383
-0.080737367 0.003736222 0.819054663
0.092625432 -0.154994830 1.164436579
0.100538507 0.009856313 1.003945351
0.235535741 -0.063681662 0.001902161
-0.772946119 -0.315835595 2.445343018
0.854383171 0.168943897 1.607407331
-0.141298071 -0.111783952 0.781435490
-0.660646677 -0.294071525 2.162955284
0.014481787 0.118532211 0.923742533
0.085859917 -0.032959688 0.986013651
-0.073149137 -0.057896733 0.735758305
-0.458939463 0.005326788 1.122834921
0.806486905 0.216750413 3.117814779
0.884183884 0.234306484 3.066977501
0.898010254 0.239234298 3.110191107
-0.184161812 0.224747553 0.689339817
-0.184797674 0.210640192 0.712520838
-1.316721439 -1.117936254 3.962491989
-0.650815785 -0.078234933 1.211956859
0.112294011 -0.038899049 1.003911257
-0.565924287 0.117544368 1.320393443
-0.379044443 0.096451558 0.891491055
-0.279874921 0.145719141 0.900989771
0.109609142 -0.006024810 1.014411449
-0.356091261 0.136583373 0.840861320
-0.264544934 0.142022416 0.841351569
-0.834793985 -0.192902610 1.413151503
-0.584620535 -0.175528333 1.430364132
-0.353497118 0.134643272 0.838953853
0.103801355 -0.044871546 1.044052601
0.664772213 -0.606860638 3.061814308
0.974044919 0.245842487 2.696544170
0.971218586 0.244399250 2.689661741
-0.384473979 0.172681615 0.765144646
0.677852273 -0.770769298 3.087877035
-0.749486566 -0.240406901 1.622186422
1.458344460 0.374638140 3.142569304
-0.199202433 -0.007757673 0.867621899
-0.000797365 -0.046069138 0.776404619
0.050477456 0.177343875 1.428643346
-0.576056361 -0.113559388 1.346030831
-0.078036755 0.001984001 0.811859429
-0.903551817 -0.361165881 2.185054779
-0.057988089 0.226570293 0.694879651
