-0.4963337 -0.3301048 1.423142
0 0.05720834 0.02239576
0.9113965 0 -0.531644
-0.4128508 1.53692 0
-0.1178468 -0.2724801 1.179159
0 -0.01209718 -0.1153848
0.9720955 0 0.01641179
0.02913796 0.9036623 0
-0.1428407 -0.1359564 1.145823
0 0.287387 -0.2412072
1.078665 0 -0.4580416
0.1498041 0.7639865 0
0.4769446 -0.2283362 1.226105
0 -0.1417204 -0.4024372
1.50227 0 -0.3534062
-0.1196725 1.095328 0
0.3315321 -0.1377746 1.014967
0 -0.2514442 -0.07129679
1.072809 0 -0.1549078
-0.1083027 1.121895 0
-0.1798222 -0.2118266 1.414228
0 -0.3753953 -0.3985372
1.492523 0 -0.3314841
-0.03093967 1.036856 0
-0.1322735 -0.05824953 1.055449
0 0.1681464 -0.2267084
0.923597 0 -0.1490153
-0.1394825 1.177311 0
0.02678993 0.04418025 0.8266025
0 -0.009441539 -0.1288042
0.9556524 0 0.1330328
0.004756113 0.8717507 0
0.1970241 -0.2548269 0.9890261
0 -0.1023403 -0.1018031
1.013996 0 0.01962208
-0.188448 0.8002624 0
-0.1531172 -0.1108695 1.132984
0 -0.490165 -0.3914206
1.553959 0 0.3484991
-0.9210103 3.364667 0
-0.102929 -0.1659802 1.182397
0 -0.3898569 -0.1323675
1.183518 0 0.2747785
-0.3752829 1.133981 0
0.1089247 0.02098677 0.8933365
0 -0.05668003 -0.02551344
0.9951243 0 -0.4258529
0.1213 0.8669493 0
-0.6496608 -0.2671604 1.345104
0 0.01574488 -0.01786681
0.9763326 0 -0.04194106
-0.01068296 0.9764143 0
0.2210183 -0.06329674 1.001094
0 -0.4977908 -0.2158699
1.342813 0 -0.3877929
-0.1641911 1.170854 0
-0.4119151 0.1279121 0.7333942
0 -0.03433256 0.009893615
0.9317919 0 0.3573264
-0.1402018 1.048488 0
-0.4849873 -0.3816574 1.513711
0 0.1597843 -0.2027955
0.9064813 0 -0.5902382
-0.1575188 1.187691 0
-0.630034 -0.1974142 1.225536
0 -0.1698534 -0.09952924
1.112377 0 0.1641201
-0.2992745 0.9026674 0
-0.5285609 -0.2445797 1.290606
0 0.2952082 -0.3566938
1.119741 0 -0.4159924
-0.07856587 1.098417 0
-0.07998374 -0.3891177 1.365231
0 -0.5562968 -0.08165166
1.120096 0 -0.5053695
-0.1931358 1.231444 0
0.2836919 -0.2452345 1.088972
0 -0.3472221 -0.1859601
1.209249 0 -0.2481089
0.1619884 0.845499 0
0.04781689 0.09896147 0.7335741
0 0.06536532 -0.1502411
0.9081097 0 -0.009587669
-0.1282108 0.9625601 0
0.06442143 0.003954334 0.921142
0 0.04455999 0.0301878
0.9007844 0 0.06785019
0.006415301 0.963226 0
-0.06980199 -0.2440831 0.924518
0 -0.3753656 0.116857
0.7282273 0 -0.1947308
0.1256205 0.7033487 0
-0.2460406 0.1559377 0.7824215
0 0.1774615 -0.3830445
1.200116 0 -0.2505121
-0.0456726 1.031651 0
-0.1157173 -0.4337295 1.568979
0 -0.3426783 0.09633133
0.7823926 0 -0.02938193
-0.2032161 0.9194162 0
-0.1235663 -0.02130496 0.9986395
0 -0.1999545 -0.07701691
1.066177 0 -0.03910334
0.00375008 1.020833 0
0.3228102 -0.1372635 0.999333
0 0.1899315 -0.1112548
1.069898 0 2.601483
-0.6390096 3.564672 0
0.335895 -0.360555 1.11011
0 0.3242338 -0.3299078
0.999907 0 0.1043159
-0.003163728 0.945416 0
-0.09364282 -0.07530215 1.047221
0 -0.4599567 -0.9780433
1.935136 0 0.3565943
-0.1264072 1.070806 0
-0.6969675 -2.296267 4.214616
0 -0.4097095 -0.9179515
1.809035 0 0.1632658
-0.2844957 1.150622 0
-0.1100424 -0.04942023 1.021407
0 -0.2267968 -0.02917301
1.008911 0 -0.489594
-0.1468408 1.143306 0
0.2567182 -0.2983789 1.152048
0 -0.009098463 -0.1954495
0.9034797 0 -0.2868752
0.05069437 0.9097782 0
0.1210323 0.001664199 0.9339088
0 -0.5157658 -0.06213176
1.071815 0 0.06169827
-0.1430204 0.9112099 0
-0.4193456 -0.3115574 1.38033
0 -0.04341638 -0.1404614
0.970486 0 -0.2234535
-0.08750678 1.087677 0
0.4742534 -0.1975957 1.170315
0 -0.316502 -0.07119637
1.096134 0 -0.3379374
-0.3165962 1.375589 0
0.07257731 0.01598777 0.9182281
0 0.2547467 -0.3547909
1.11455 0 -2.208469E-05
0.01041409 0.9160553 0
-0.04999623 -0.2051964 0.9327769
0 -0.494643 -0.06377051
1.085955 0 -0.3868357
-0.1777984 1.171442 0
0.1562204 -0.1173725 0.9532768
0 -0.08238441 0.0571887
0.8775512 0 -0.3372719
-0.3496147 1.40218 0
-0.4009059 0.05159203 0.924858
0 -0.5715659 -0.1255041
1.112357 0 0.08749044
0.03856399 0.8827581 0
-0.1880664 -0.05693826 1.045886
0 0.1073541 0.0223795
0.9025492 0 -0.3374691
-0.3468623 1.404094 0
-0.3745039 0.05161003 0.896161
0 0.2783054 -0.09395075
1.047275 0 -0.3761152
-0.3366365 1.40269 0
-0.4878436 -0.1108626 1.158922
0 0.1053834 0.04459804
0.8658136 0 -0.383021
0.1564794 0.6857828 0
-0.247989 0.1596936 0.7899748
0 0.05040493 -0.1003263
0.9469486 0 -0.07766057
-0.2324372 1.146026 0
-0.01419777 -0.2689062 0.8450515
0 -0.1104726 -0.4049994
1.521877 0 -0.3433262
-0.09815707 1.099492 0
-0.3366352 -0.3256201 1.41844
0 -0.3588859 -0.3430634
1.38534 0 -0.02738991
-0.1157013 0.9795138 0
0.06184805 -0.2034477 0.8748417
0 -0.2654943 -0.1095768
1.098054 0 0.1862645
-0.00792517 0.9355902 0
0.01802811 -0.1984455 0.899714
0 0.2682686 -0.03257653
0.9782212 0 -0.03869246
-0.009315831 0.9598066 0
-0.1887399 -0.05612844 1.050139
0 -0.2676234 0.01880139
0.9367824 0 0.2670494
-0.03340975 0.9753621 0
-0.1553271 -0.2741497 1.410449
0 -0.06140243 -0.1068529
1.009604 0 -0.1367598
-0.0280329 1.006467 0
-0.2935041 -0.04390766 1.039979
0 -0.2618265 -0.001744286
0.9809403 0 0.08254188
-0.08294104 0.9380795 0
-0.5542235 -0.128665 1.055156
0 -0.5479521 -0.2170505
1.227537 0 0.1548745
-0.04266339 0.9859964 0
0.2680502 -0.03826262 0.9788254
0 0.1472008 0.0139657
0.9134364 0 0.1963449
-0.02022776 0.9591691 0
-0.3751885 -0.3210221 1.37292
0 0.3243331 -0.1778582
1.073434 0 -0.2672254
-0.112691 1.101018 0
-0.3047876 0.1036419 0.852452
0 0.06183362 -0.1051494
0.9369593 0 -0.2800692
-0.123794 1.104901 0
-0.4750897 -0.2139448 1.252653
0 0.1423892 -0.03379369
0.9636849 0 0.04721498
0.002557486 0.9410374 0
0.05273346 0.05111509 0.8690872
0 0.2630582 -0.09753174
1.016091 0 0.3328339
-0.3786344 1.124251 0
-0.4930017 0.01537113 0.9384793
0 -0.08840449 -0.1374768
1.169912 0 0.1413381
-0.05079288 0.9701603 0
0.2202009 -0.01868901 0.9841415
0 -0.136336 -0.02920949
0.9992066 0 -0.5370873
-0.6883224 2.167204 0
0.04282619 0.04874591 0.8135129
0 0.1514505 -0.01578731
0.9492316 0 -0.2810049
0.09619914 0.812725 0
-0.4728149 -0.2121652 1.245882
0 -0.08292522 -0.1131876
1.10039 0 -0.08031863
0.0827407 0.8441869 0
-0.5173246 -0.1151318 1.219237
0 0.1209821 -0.2523242
0.8255833 0 0.1521872
-0.04332796 0.9733647 0
-0.03377995 -0.04107089 1.014071
0 0.1095354 0.02378033
0.9025564 0 -0.5859928
-0.4551298 1.576327 0
-0.01109943 -0.164231 0.9378111
0 -0.4199135 -0.1203223
1.176107 0 0.01901157
-0.1929836 0.8901291 0
-0.433139 -0.1105518 1.140291
0 -0.1711209 -0.09822163
1.108372 0 -0.5153472
-0.1097624 1.096761 0
-0.3388276 -0.441561 1.552761
0 -0.3236779 -0.4607578
1.542061 0 -0.4445401
-0.3016389 1.359756 0
-0.3662813 -0.1182163 1.114617
0 -0.3852613 -0.3176354
1.36929 0 -0.5749295
-0.1588567 1.164768 0
0.07970877 0.04731341 0.8703958
0 0.0478663 0.002179392
0.939999 0 0.1799323
-0.1161712 1.034708 0
-0.3708062 -0.10862 1.118009
0 -0.4635672 -0.07957399
1.113131 0 -0.7317129
-0.1597491 1.378652 0
0.1813604 -0.2410803 1.031968
0 0.05003998 -0.1031029
0.9516701 0 0.0241778
-0.1556416 0.9198039 0
-0.3123161 0.09635101 0.7549132
0 0.4824897 -0.1997287
1.2176 0 -0.4944534
-0.3305949 1.423904 0
-0.3644534 -0.1067025 1.082851
0 -0.3255204 -0.462067
1.551408 0 -0.03382349
-0.04312321 1.016883 0
-0.1065892 -0.04977956 1.033595
0 -0.2970296 0.09183489
0.7182711 0 0.006121322
0.01245612 0.9250825 0
-0.3460095 0.09272122 0.7687017
0 -0.2032066 -0.2505228
1.275745 0 -0.5018942
-0.06583244 1.089063 0
0.05099787 -0.1678956 0.8959817
0 -0.2447459 -0.3267376
1.335669 0 -0.6287696
-0.1974312 1.221093 0
-0.2114952 -0.2583977 1.293093
0 -0.5808118 -0.4490186
1.552214 0 -0.5686524
-0.1590969 1.154384 0
0.150866 0.01219573 0.9155699
0 -0.4705577 -0.1549141
1.146214 0 -0.2453925
-0.04804939 1.040491 0
-0.1758045 -0.08042883 1.077439
0 -0.05766929 -0.05392611
1.029856 0 0.3367735
-0.3742957 1.13122 0
-0.2572783 -0.002510254 0.973702
0 -0.1467398 -0.1385383
1.148309 0 -0.08455446
-0.0230149 0.9959993 0
-0.393744 -0.1701758 1.192217
0 -0.4915296 0.01401995
0.938639 0 -0.3230122
-0.1423149 1.123641 0
-0.3005905 0.09836874 0.8506207
0 -0.4854737 -0.1146249
1.15931 0 -0.5119936
0.01393549 0.9815615 0
-0.5155917 -0.06660863 1.074822
0 0.1496302 -0.04209831
1.01319 0 -0.009060306
-0.1130128 0.9703485 0
0.1539548 0.01341522 0.9087635
0 -0.03539875 0.009420523
0.9343771 0 -0.2872494
0.09611864 0.8242823 0
0.0521638 -0.1331615 0.9255291
0 -0.05685718 -0.007003007
0.949795 0 0.04896842
0.002302555 0.9394644 0
-0.2879911 0.05078929 0.8982348
0 0.01983501 0.09651291
0.7601915 0 -0.3898244
0.1201872 0.7230871 0
-0.03306967 -0.04128764 1.013942
0 -0.4009966 0.05034313
0.9227736 0 0.01822852
0.002222574 0.9389814 0
-0.1960935 0.1232211 0.7189847
0 0.1930773 -0.2695128
1.109507 0 -0.1341909
-0.03151228 1.003986 0
0.03629603 0.03191313 0.8800954
0 0.0861456 0.01369646
0.9270179 0 0.04941586
-0.02180523 0.9868836 0
-0.01466536 -0.1231465 0.9644073
0 -0.2150539 -0.09565663
1.115771 0 0.006549977
0.01483711 0.9346951 0
0.1144716 0.02718089 0.8519138
0 -0.001654169 -0.004146361
0.8960491 0 0.07438879
0.0163398 0.9187765 0
-0.08931742 -0.02692606 1.000666
0 -0.1150021 -0.05219549
1.031955 0 0.07822872
-0.01332116 0.9689075 0
0.1040086 -0.002458113 0.9434283
0 1.082798 -0.8213324
2.884096 0 -0.4406838
-0.1130864 1.161524 0
-0.3061118 -0.07366326 1.077327
0 -0.4809166 0.03121636
0.878557 0 0.05323216
0.04136214 0.9016356 0
-0.08043859 -0.06474287 1.052603
0 0.3198887 -0.1814117
1.055382 0 -0.09732823
-0.09945644 1.044066 0
0.2596905 -0.2841509 1.060764
0 -0.5846393 -0.4457673
1.605628 0 -0.06489339
-0.2393871 0.9012077 0
-0.2551767 -0.7604376 2.34329
0 -0.5116051 -0.9884017
2.806022 0 1.359007
-0.3143611 2.860264 0
-0.1898505 -0.1157474 1.140263
0 0.01725197 0.009307515
0.8943607 0 -0.005282914
-0.0007764733 0.9239702 0
0.07293923 0.01159478 0.9197837
0 0.07431031 -0.01394302
0.9396558 0 0.05760114
-0.01799026 0.9568508 0
0.1774162 -0.1164394 1.084039
0 -0.03347478 -0.2957989
0.9697374 0 0.06275363
-0.1697507 0.9051902 0
0.06395922 0.01833416 0.9177608
0 0.08720699 -0.2751266
0.8517886 0 -0.04512744
-0.1366823 0.9705753 0
-0.07759727 -0.02600849 0.9728467
0 0.2027378 -0.1084626
0.1064262 0 0.07587729
0.01319124 0.877836 0
0.2739116 -0.1172342 1.137777
0 0.07004421 0.01545884
0.9121155 0 -0.1999542
-0.1062059 1.121062 0
0.2306175 -0.08987553 1.02179
0 0.2097735 -0.261513
1.160791 0 -0.1541222
-0.04254136 1.018119 0
0.3438895 -0.1249325 1.002033
0 -0.475703 -0.8582265
2.413097 0 0.2543456
-0.2333808 1.058173 0
1.338245 -0.2279474 2.343481
0 0.3572975 -0.122867
1.10322 0 0.09189067
0.05312607 0.8614783 0
0.4754896 -0.1834853 1.164504
0 0.07881235 -0.2168084
0.8548796 0 0.05149049
-0.1668577 0.8906093 0
0.1983895 -0.2950504 1.151227
0 0.02194623 -0.01377035
0.9824945 0 -0.3356059
-0.03319539 1.015182 0
-0.4151204 -0.1625286 1.192635
0 -0.4921142 0.0133238
0.9336836 0 -0.5018473
-0.6558348 1.927067 0
-0.4118505 -0.31081 1.389162
0 0.3539136 -0.1270056
1.063445 0 -0.02297388
-0.04218164 1.004064 0
-0.1722205 -0.1954633 1.203339
0 0.3470754 -0.2797683
1.097855 0 -0.5563692
-0.08045085 1.111614 0
0.3448286 -0.1486948 1.041107
0 -0.3893834 -0.1668539
1.17832 0 -0.590035
-0.4289857 1.440977 0
0.02060086 0.1005896 0.7878841
0 -0.1515847 -0.1432598
1.153942 0 -0.02784415
-0.1368179 0.9614673 0
-0.287301 -0.6635548 2.084097
0 0.06467922 -0.149933
0.9073547 0 0.2689131
-0.1160295 1.074896 0
-0.5247439 -0.0688219 1.081559
0 -0.03510907 -0.2032573
0.9239106 0 0.03260106
-0.264819 0.8450582 0
0.06650322 -0.1332687 0.9161636
0 0.0512437 -0.1548471
0.9075916 0 -0.1110598
-0.1327771 1.048033 0
1.656702 -0.2002571 2.561284
0 -0.3245238 -0.3614801
1.435007 0 0.01899797
0.007723224 0.9382312 0
-0.09478754 -0.1660858 1.206759
0 -0.5926691 0.0753703
0.9543322 0 0.2071653
-0.020434 0.9568593 0
0.2748877 -0.3739043 1.131828
0 -0.3555941 -0.3558107
1.456458 0 -0.111604
-0.2546494 1.060429 0
-0.4572902 -0.07997907 1.101951
0 0.3013868 -0.1640703
1.058948 0 -0.4148299
-0.3600785 1.454524 0
0.2917612 -0.3520786 1.107063
0 0.2991309 -0.1957409
1.069317 0 -0.03373875
-0.2021208 0.924465 0
-0.7035047 -0.3847118 1.335791
0 0.2489712 -0.3139029
1.11207 0 -0.5868468
-0.4577031 1.582438 0
-0.4118609 0.1192929 0.7264584
0 -0.04903721 -0.1379612
0.9811714 0 0.2750433
-0.3717624 1.124122 0
0.2858996 -0.1192419 1.072286
0 0.251005 -0.04827134
0.9958449 0 -0.3432558
-0.09851366 1.094752 0
0.3158557 -0.3187087 1.105026
0 -0.06165319 -0.4850225
1.591016 0 -0.1768874
-0.07974405 1.070619 0
-0.06406014 -0.05273293 1.029133
0 -0.340456 -0.09778128
1.117653 0 -0.541318
-0.05974831 1.073297 0
-0.05065351 -0.3446038 0.9945089
0 -0.3824092 -0.1308258
1.175561 0 2.028425
-0.8433362 2.621351 0
2.052544 -0.2328077 3.093354
0 -0.3717877 -0.0001675245
0.9373079 0 0.1404422
0.02332609 0.8965849 0
-0.2879761 -0.04442597 1.030371
0 -0.2402221 -0.08072142
1.040238 0 -0.1384743
-0.4013892 1.492153 0
0.1492994 -0.01710019 0.9506075
0 1.642446 -0.210616
2.556072 0 -0.3334361
-0.09322505 1.081746 0
-0.4431053 -0.2985016 1.350771
0 -0.5289434 -0.2341748
1.243769 0 -0.05198053
-0.2580505 1.166233 0
0.02922586 -0.1226183 0.9417292
0 0.0225217 -0.02079735
0.9889382 0 -0.3398086
-0.0347274 1.033003 0
-0.09056485 -0.02768992 0.9912999
0 -0.2441857 -0.04787853
1.047327 0 0.3839978
-0.06183472 1.321617 0
0.4153469 -0.1344136 1.125157
0 0.2715757 -0.2544917
1.085546 0 1.889044
-0.5340211 2.636683 0
-0.08824377 -0.4481892 1.558978
0 -0.4017585 -0.08109826
1.101376 0 -0.5524407
-0.08175045 1.102863 0
0.04131545 0.03314566 0.9006255
0 0.08677278 0.03988658
0.8887599 0 -0.522069
-0.06948002 1.082615 0
-0.06898386 -0.0408412 1.016584
0 -0.4361819 -0.5520545
1.721401 0 0.03403462
-0.2670257 0.8662415 0
-0.3460619 -0.2375744 1.277448
0 0.3257761 -0.1788904
1.064433 0 0.01750888
-0.02394443 1.005827 0
-0.1647901 -0.1000959 1.101303
0 0.1241103 -0.2549046
0.8424521 0 -0.1427486
-0.08246709 1.085119 0
-0.5026795 -0.3612014 1.587982
0 0.01877025 0.005730171
0.935665 0 -0.3667218
-0.6017925 1.80503 0
1.818131 -0.7764271 2.397969
0 -0.3495983 0.1014944
0.8238869 0 -0.3872369
-0.1330474 1.187693 0
-0.06121721 -0.1090146 1.005197
0 -0.1850206 -0.3230712
1.342393 0 -0.5370679
-0.1320476 1.157688 0
-0.240668 -0.05015434 1.054036
0 0.1522813 -0.1195171
0.939659 0 -0.06331869
-0.333502 0.9546439 0
-0.03947415 -0.01084338 0.9561202
0 -0.5325366 -0.4114938
1.526287 0 -0.09312566
-0.1638885 1.192827 0
0.01801077 -0.02110375 0.9432306
0 0.01375331 0.03074052
0.9038596 0 -0.154351
-0.1111335 1.126143 0
-0.01205379 -0.1660989 0.9390888
0 0.0507613 -0.162064
0.9059567 0 0.02996584
-0.1256375 0.9328673 0
0.5028445 -1.580701 4.201115
0 -0.4601362 -0.1529648
1.160215 0 0.02498525
-0.2089828 0.8887407 0
0.08690485 -0.0791617 0.940899
0 -0.4983537 -0.3291354
1.424793 0 -0.4771475
-0.2164324 1.25664 0
-0.1666366 -0.1195572 1.139837
0 -0.5454502 -0.4763726
1.558407 0 -0.09853502
-0.1663802 1.205482 0
0.03586719 0.035904 0.895314
0 -0.5311981 -0.1381377
1.145142 0 -0.6217775
-0.4538314 1.483091 0
-0.08561996 -0.2018004 1.146369
0 -0.1846839 -0.08214438
1.092733 0 -0.09176496
-0.4405597 1.524986 0
0.112607 -0.02508047 0.9663039
0 0.06819205 -0.09833672
0.9374027 0 0.3303815
-0.1815182 1.062457 0
0.250815 -0.3137681 1.114361
0 -0.540139 -0.4226708
1.462913 0 -0.3431383
0.004431148 0.9401506 0
-0.5742728 -0.1264299 1.121655
0 -0.05189711 -0.4082464
1.439884 0 0.1827397
-0.2332029 1.071762 0
0.3567081 -0.1978024 1.053486
0 0.04649473 0.003817908
0.9386646 0 0.0688554
-0.1138662 0.9282194 0
0.2975473 -0.1953107 1.065301
0 -0.6739742 -0.3780157
1.293157 0 0.2893799
-0.03770798 1.063346 0
0.04760342 -0.1008173 0.9522263
0 -0.536276 -0.6825098
2.160669 0 0.1518924
-0.2881969 0.8565263 0
0.003638236 -0.1289799 1.022901
0 0.1727993 -0.3799542
1.188327 0 0.1583271
-0.2951445 1.133013 0
0.2587761 -0.2906627 1.096644
0 -0.3510831 -0.2355836
1.281937 0 -0.04688548
-0.1368956 0.9768027 0
-0.09019437 -0.1394669 1.176481
0 -0.5301111 -0.6602407
2.08032 0 -0.06402672
-0.2390187 0.9043609 0
-0.5490631 -0.3695633 1.583779
0 0.02464057 -0.2097588
0.8949499 0 -0.1996372
-0.1055828 1.120298 0
-0.4040504 -0.1216302 1.158926
0 -0.5181995 -0.06905427
1.067393 0 0.1697827
-0.2708197 1.095468 0
-0.4859541 -0.3325817 1.135648
0 -0.4497117 -0.07342738
1.100898 0 0.01394506
-0.2791041 0.8705026 0
-0.4898097 -0.3808852 1.512393
0 -0.5855464 -0.1314352
1.122625 0 2.0854
-0.5523521 2.789644 0
0.2923107 -0.3486 1.077339
0 0.03609636 -0.1895657
0.8434993 0 2.330298
-0.8541279 2.836762 0
0.05903384 -0.1762596 0.9004821
0 0.3117349 -0.3199228
1.106443 0 -0.6024284
-0.742098 2.366344 0
-0.3361469 -0.4411972 1.552914
0 0.3556462 -0.2327634
1.069603 0 -0.5745485
-0.4801698 1.611855 0
-0.06204334 -0.4791581 1.56722
0 -0.4102359 -0.3637386
1.45324 0 0.1280012
0.02157848 0.8753628 0
-0.6230707 -0.1854436 1.219055
0 -0.4562678 -0.08177127
1.111596 0 -0.05551808
-0.2529445 0.9637225 0
-0.4158829 -0.364329 1.480327
0 -0.528551 -0.2004306
1.222416 0 -0.07211417
0.06473938 0.8662625 0
-0.2181684 -0.5520744 1.76264
0 -0.06691886 0.08545446
0.8545693 0 0.008574471
-0.2805243 0.8940564 0
-0.5371352 -0.2431098 1.303389
0 -0.08420769 -0.2352064
1.144622 0 -0.4983974
-0.3878942 1.537769 0
-0.3656625 -0.108478 1.121924
0 1.823874 -0.03158028
2.173989 0 -0.4147424
-0.1579098 1.142703 0
1.639384 -0.2259614 1.92801
0 0.3503127 -0.1663731
1.009376 0 1.24526
-1.13231 3.221639 0
-0.5622323 -0.161615 1.184023
0 -0.2129525 -0.09800229
1.106877 0 0.2338797
-0.3576448 1.067854 0
-0.5325549 -0.06102398 1.024252
0 0.1596174 -0.1148609
0.9626169 0 -0.07630365
-0.2357251 1.159239 0
0.1540087 -0.08346978 0.9716231
0 -0.2372049 -0.08033545
1.062421 0 -0.535446
-0.4178818 1.550781 0
1.897165 -0.4918822 2.670327
0 1.251879 -1.182782
3.220582 0 -0.01302031
-0.1973066 0.9146298 0
0.07696503 0.04694895 0.8273011
0 1.198079 -0.8692986
3.216772 0 1.370538
-0.2847889 2.720868 0
0.02419273 0.004092089 0.931987
0 -0.3609573 -0.3298454
1.381319 0 0.2476587
-0.3198972 1.10391 0
1.230488 -1.102525 3.244169
0 1.462691 -0.2534102
2.670107 0 -0.4855257
-0.32237 1.440683 0
-0.06264402 -0.04029964 0.9775864
0 -0.03356318 -0.0119174
0.9243709 0 0.1053168
0.0004374976 0.9363911 0
0.2073197 -0.02198857 0.9235269
0 0.9043678 -0.3535357
2.37654 0 0.08420609
-0.2805599 0.8816502 0
0.270466 -0.1093047 0.8114387
0 0.00123579 -0.08917017
1.025463 0 -0.1259482
-0.08056874 1.02284 0
0.1054856 0.0205135 0.8959888
0 -0.0894801 -0.2722957
1.114009 0 0.0296658
-0.08865953 0.9046893 0
0.1512639 0.02355269 0.9945078
0 0.006335279 -0.2748399
0.8541838 0 -0.006673397
-0.0351064 0.9879429 0
0.0369303 -0.08896925 0.8737037
0 0.2947428 -0.3568289
1.121472 0 1.212549
-0.3277864 2.717159 0
1.280623 -0.3432644 2.917364
0 0.9253068 -0.1854965
1.473789 0 -0.5637036
-0.4934393 1.660656 0
-0.3934003 -0.09078775 1.100736
0 -0.5682825 -0.4921447
1.618779 0 -0.02887519
-0.0400614 1.000368 0
0.1203599 0.001508621 0.9359466
0 0.190389 -0.1097336
1.047466 0 0.1490163
-0.2930484 0.882369 0
-0.05069788 -0.2052612 0.9327516
0 0.2039388 -0.2873531
1.092547 0 0.06413232
-0.2020586 0.8626095 0
0.2993236 -0.1642128 1.062346
0 0.3052931 -0.3154197
1.088153 0 0.1521055
-0.2827377 0.9934496 0
0.2650523 -0.03390335 0.9282884
0 0.1517524 -0.2889212
0.8711669 0 -0.187904
-0.05783252 1.042876 0
0.07304941 0.05749087 0.8433649
0 -0.6378927 -0.2503332
1.428374 0 -0.5175164
-0.3486681 1.203394 0
-0.3215931 -0.1399338 1.112457
0 -0.5181555 -0.2455253
1.289999 0 -0.1812049
-0.3378162 1.393321 0
-0.3459799 -0.6000081 1.79144
0 0.1523702 -0.08109021
0.970778 0 0.3643942
-0.197762 1.071744 0
0.4728879 -0.2274075 1.218744
0 0.1124901 -0.254441
0.8332551 0 -0.03590608
-0.03999104 1.025724 0
0.06062213 -0.2021877 0.8619002
0 -0.4294053 -0.6527613
1.977253 0 -0.5381469
-0.1244908 1.138355 0
0.05735215 -0.2020406 0.8723937
0 -0.3388484 -0.09854479
1.135795 0 0.06316949
-0.01630075 0.9325958 0
-0.2202683 -0.5437731 1.734972
0 -0.08645865 -0.07294729
1.080155 0 -0.4553574
-0.1028958 1.149915 0
-0.08409487 -0.2019387 1.158032
0 -0.04115519 0.004683107
0.9665799 0 -0.0857396
-0.3012978 0.9084014 0
-0.5738528 -0.4360199 1.504547
0 -0.3555543 -0.3297541
1.319378 0 -0.11921
-0.2004818 1.198146 0
0.08028334 0.06392458 0.8461033
0 0.1112047 0.04762515
0.8759239 0 0.1212527
-0.02249332 0.9680648 0
-0.07172124 -0.2397032 1.202662
0 0.3566618 -0.1416794
1.050777 0 0.04399131
0.01753653 0.9132653 0
0.2333049 -0.3570116 1.066758
0 3.463294 -0.01251596
3.671595 0 -0.4434812
-0.1075648 1.15441 0
0.1705656 -0.2694388 1.05864
0 -0.4006598 -1.001559
1.983096 0 -0.1639316
-0.192055 1.182037 0
1.800608 -0.6764894 2.144682
0 2.346756 -0.861428
2.894733 0 -0.2717044
-0.1109201 1.097957 0
0.2561645 -0.2975813 1.10898
0 0.07603453 -0.2175524
0.856325 0 -0.4852731
-0.3814237 1.517943 0
0.2702999 -0.2417012 1.057135
0 -0.763943 -1.569853
4.87714 0 0.01698831
-0.2145177 0.9418174 0
0.2402559 -0.2331607 1.043522
0 -0.311873 -0.1432488
1.103997 0 0.3092128
-0.1626178 1.074781 0
-0.05495018 -0.05744787 1.076141
0 -0.4161651 -0.3153299
1.386635 0 1.626001
-0.202968 2.522824 0
-0.5500886 -0.2234312 1.249804
0 2.278222 -0.2739053
2.507655 0 3.823201
-0.6946284 4.11421 0
2.238928 -0.4581103 2.582475
0 2.651334 -0.5200639
2.982229 0 0.4678581
-1.470472 3.917987 0
-0.2309272 -0.01294729 0.7823733
0 -0.08238631 -0.3039847
0.9311056 0 -0.4518293
-0.04631897 1.040415 0
-0.09090155 -0.442906 1.537799
0 -0.07456676 -0.1429675
1.084113 0 2.062573
-0.03428675 2.365301 0
0.3447008 -0.1322941 0.9838042
0 0.2032099 -0.3117015
1.119114 0 0.2930305
-0.3510168 1.104973 0
-0.3862207 -0.1795109 1.202266
0 -0.1856818 -0.3180198
1.334401 0 0.2713091
-0.2572764 1.093557 0
0.1791029 -0.1149486 1.063504
0 0.12135 -0.2502999
0.8250052 0 0.1688701
-0.2721042 1.076714 0
-0.3167245 -0.07332269 1.100794
0 0.07413264 -0.2164636
0.5511969 0 -0.1465215
-0.13942 1.167992 0
0.1545316 -0.3007839 1.14306
0 -0.2387873 -0.3314127
1.310082 0 -0.4546901
-0.2302375 1.246344 0
-0.1558449 -0.3896262 1.492676
0 0.2449043 -0.1138943
1.08814 0 0.2610044
-0.3140746 1.091075 0
0.06579341 -0.1012922 0.9414006
0 -0.7071691 -1.161978
3.461241 0 -0.1300759
-0.1393748 1.097205 0
-0.2654516 -0.6265148 2.070972
0 0.3607941 -0.2131684
1.071644 0 0.1527845
-0.2970161 0.8946162 0
-0.3965371 -1.000603 1.970215
0 -0.3649872 -0.7795545
2.165445 0 -0.2029868
-0.8425848 1.71079 0
-0.3496621 -0.5989756 1.809584
0 -0.1914679 -0.3071602
1.189897 0 -0.0716277
-0.2432493 0.9386064 0
0.2322246 -0.2471137 1.073815
0 0.4275285 -0.1395383
1.189175 0 0.4682249
-0.1927569 1.130424 0
0.05350745 -0.1319225 0.9164868
0 -0.3667035 -0.7927222
2.202326 0 0.4077481
-0.1267604 1.163125 0
0.314283 -0.3196153 1.108046
0 0.3892809 -0.1233971
1.012975 0 1.000976
-1.122425 2.670557 0
0.4724362 -0.2282526 1.226037
0 0.3381987 -0.2073375
0.9701318 0 0.3627291
-0.2265597 1.099218 0
-0.01552296 -0.2754636 0.8672946
0 0.01085052 -0.2838609
0.898485 0 -0.1681724
-0.1436894 1.205974 0
-0.07741626 -0.4967069 1.645658
0 -0.3546301 -0.4518599
1.595608 0 -0.1619951
-0.0307515 1.009485 0
-0.3041881 -0.6644484 2.190789
0 -0.1107784 -0.04720256
1.036118 0 -0.21321
-0.09805316 1.112695 0
0.3377246 -0.4079012 1.234493
0 0.1657314 -0.08156531
1.013865 0 0.2041461
-0.02039021 0.9523545 0
0.1879171 -0.009053368 0.939478
0 0.3003515 -0.1665763
1.06416 0 1.053202
-0.3088588 2.391915 0
1.136497 -0.1723469 1.686711
0 1.158244 -0.4456286
3.248464 0 -0.3428849
-0.4542942 1.565717 0
-0.5945556 -0.2298972 1.997216
0 -0.3252039 -0.191005
1.341793 0 -0.07078712
-0.2933666 0.9173636 0
-0.3570584 -0.3509987 1.434803
0 1.263457 -0.4289012
3.372003 0 0.05339438
0.08542369 0.8235307 0
-0.1460237 0.04439384 0.8864942
0 -0.5250974 0.1953838
1.434664 0 2.402687
-0.2180561 3.632344 0
0.0592692 -0.1076707 0.8051413
0 0.3822707 -0.06021614
1.319042 0 -0.8521275
-1.858171 4.906173 0
0.06270935 -0.1693915 0.8920684
0 0.3172208 -0.3049046
0.8875405 0 0.2578157
-0.2959458 1.149095 0
0.06779905 -0.1149879 0.9316278
0 -0.1441034 -0.4565006
1.276558 0 0.03591659
-0.330012 0.9284026 0
0.03709363 -0.268582 0.8646746
0 0.1540462 -0.290216
0.8637726 0 0.371253
-0.1749569 1.243639 0
1.641965 -0.1701045 2.367563
0 -0.3291389 -0.1418434
1.13405 0 -0.3965818
-0.5254526 1.608994 0
0.9452771 -0.3669543 2.505762
0 1.725211 -0.1900894
2.517914 0 1.399499
-0.1918615 2.203444 0
0.3858026 -0.09893806 1.071837
0 -0.4731174 -0.3783144
1.485683 0 -0.2504537
-0.1054495 1.062927 0
-0.3419403 -0.1862442 1.193559
0 -0.2677281 -0.1229287
1.064842 0 0.3446445
-0.222834 0.9975653 0
0.07539674 -0.2142627 0.8522731
0 0.1527351 -0.2993489
0.9073732 0 0.1532242
-0.2963902 0.8919255 0
-0.4003827 -0.809835 2.269133
0 0.03239407 -0.01796502
0.9625474 0 0.1866396
-0.2282058 1.057363 0
0.01075682 -0.03908197 1.033735
0 0.2482833 -0.1122994
1.01771 0 0.1408023
-0.03396982 0.9812648 0
0.08424346 -0.2131832 0.8220019
0 0.03877513 -0.1890354
0.8303245 0 0.07995609
0.06286495 0.9312645 0
-0.08163141 -0.02307951 0.9916579
0 -0.05363906 -0.1063405
0.9743936 0 -0.3482376
-0.5967011 1.786086 0
-0.2431353 -0.048262 1.043821
0 0.2608237 -0.0343931
0.8696408 0 0.01774159
-0.01649656 1.024108 0
0.08203904 -0.0141836 0.9458287
0 -0.24412 -0.3239019
1.322681 0 0.2924462
-0.1915096 1.036609 0
0.09500936 0.05262573 0.8552586
0 0.008696364 -0.2863269
0.905683 0 0.1577432
-0.2614417 0.9016133 0
0.2716728 -0.03582232 1.022871
0 0.1198784 0.001085618
0.9375291 0 0.06261513
-0.1353786 0.9279103 0
0.3644329 -0.2330988 1.123811
0 0.1067823 0.01913865
0.8861893 0 0.08339511
-0.01705328 0.9175062 0
1.257624 -0.2891525 2.647288
0 -0.2264305 -0.08914705
1.101765 0 0.04869018
-0.1334707 0.934654 0
-0.2788633 -0.1238792 1.100299
0 0.181638 -0.1191723
1.173241 0 1.069318
-0.428116 3.011555 0
0.5597622 -0.2758138 1.65678
0 -0.06402672 -0.2390187
0.9043609 1 -0.5490631
-0.3695633 1.583779 1
0.2670494 -0.03340975 0.9753621
1 -0.1553271 -0.2741497
1.410449 1 -0.1367598
-0.0280329 1.006467 1
0.02498525 -0.2089828 0.8887407
1 0.04282619 0.04874591
0.8135129 1 0.2783054
-0.09395075 1.047275 1
0.2689131 -0.1160295 1.074896
1 -0.4431053 -0.2985016
1.350771 1 0.2449043
-0.1138943 1.08814 1
0.1514505 -0.01578731 0.9492316
1 -0.2810049 0.09619914
0.812725 1 -0.4728149
-0.2121652 1.245882 1
-0.4199135 -0.1203223 1.176107
1 -0.4580416 0.1498041
0.7639865 1 0.1899315
-0.1112548 1.069898 1
0.4769446 -0.2283362 1.226105
1 -0.2481089 0.1619884
0.845499 1 -0.05495018
-0.05744787 1.076141 1
-0.3534062 -0.1196725 1.095328
1 0.04781689 0.09896147
0.7335741 1 -0.1428407
-0.1359564 1.145823 1
0.04649473 0.003817908 0.9386646
1 -0.3482376 -0.5967011
1.786086 1 -0.1887399
-0.05612844 1.050139 1
-0.2676234 0.01880139 0.9367824
1 0.1597843 -0.2027955
0.9064813 1 -0.009060306
-0.1130128 0.9703485 1
-0.5902382 -0.1575188 1.187691
1 -0.630034 -0.1974142
1.225536 1 -0.5173246
-0.1151318 1.219237 1
0.1144716 0.02718089 0.8519138
1 0.3198887 -0.1814117
1.055382 1 -0.001654169
-0.004146361 0.8960491 1
0.1040086 -0.002458113 0.9434283
1 0.07438879 0.0163398
0.9187765 1 0.01574488
-0.01786681 0.9763326 1
-0.04194106 -0.01068296 0.9764143
1 0.2210183 -0.06329674
1.001094 1 -0.4977908
-0.2158699 1.342813 1
-0.05069788 -0.2052612 0.9327516
1 -0.3877929 -0.1641911
1.170854 1 -0.4119151
0.1279121 0.7333942 1
-0.03433256 0.009893615 0.9317919
1 -0.02938193 -0.2032161
0.9194162 1 0.05149049
-0.1668577 0.8906093 1
0.05040493 -0.1003263 0.9469486
1 0.5028445 -1.580701
4.201115 1 -0.5500886
-0.2234312 1.249804 1
0.1210323 0.001664199 0.9339088
1 0.1408023 -0.03396982
0.9812648 1 0.1212527
-0.02249332 0.9680648 1
1.24526 -1.13231 3.221639
1 -0.06140243 -0.1068529
1.009604 1 0.4728879
-0.2274075 1.218744 1
-0.1427486 -0.08246709 1.085119
1 -0.154351 -0.1111335
1.126143 1 0.1791029
-0.1149486 1.063504 1
0.1496302 -0.04209831 1.01319
1 -0.4572902 -0.07997907
1.101951 1 -0.3667035
-0.7927222 2.202326 1
0.1862645 -0.00792517 0.9355902
1 0.2071653 -0.020434
0.9568593 1 -0.4148299
-0.3600785 1.454524 1
0.3158557 -0.3187087 1.105026
1 -0.03590608 -0.03999104
1.025724 1 0.4754896
-0.1834853 1.164504 1
0.2748877 -0.3739043 1.131828
1 0.2917612 -0.3520786
1.107063 1 -0.3419403
-0.1862442 1.193559 1
0.1517524 -0.2889212 0.8711669
1 -0.24412 -0.3239019
1.322681 1 0.3013868
-0.1640703 1.058948 1
0.05350745 -0.1319225 0.9164868
1 -0.2129525 -0.09800229
1.106877 1 -0.111604
-0.2546494 1.060429 1
0.2991309 -0.1957409 1.069317
1 -0.2800692 -0.123794
1.104901 1 0.2630582
-0.09753174 1.016091 1
0.06536532 -0.1502411 0.9081097
1 0.0512437 -0.1548471
0.9075916 1 0.287387
-0.2412072 1.078665 1
-0.3236779 -0.4607578 1.542061
1 -0.009587669 -0.1282108
0.9625601 1 -0.02738991
-0.1157013 0.9795138 1
-0.02784415 -0.1368179 0.9614673
1 -0.494643 -0.06377051
1.085955 1 -0.2935041
-0.04390766 1.039979 1
-0.3708062 -0.10862 1.118009
1 -0.3662813 -0.1182163
1.114617 1 -0.3496621
-0.5989756 1.809584 1
-0.3555941 -0.3558107 1.456458
1 0.06442143 0.003954334
0.921142 1 0.04721498
0.002557486 0.9410374 1
0.08028334 0.06392458 0.8461033
1 0.09500936 0.05262573
0.8552586 1 0.07970877
0.04731341 0.8703958 1
-0.1711209 -0.09822163 1.108372
1 -0.1898505 -0.1157474
1.140263 1 0.006549977
0.01483711 0.9346951 1
-0.6378927 -0.2503332 1.428374
1 -0.5153472 -0.1097624
1.096761 1 -0.531644
-0.4128508 1.53692 1
-0.1639316 -0.192055 1.182037
1 -0.1490153 -0.1394825
1.177311 1 -0.3893834
-0.1668539 1.17832 1
-0.4849873 -0.3816574 1.513711
1 -0.383021 0.1564794
0.6857828 1 -0.2267968
-0.02917301 1.008911 1
0.06413232 -0.2020586 0.8626095
1 0.08690485 -0.0791617
0.940899 1 0.07881235
-0.2168084 0.8548796 1
0.3607941 -0.2131684 1.071644
1 0.1043159 -0.003163728
0.945416 1 0.2682686
-0.03257653 0.9782212 1
-0.5926691 0.0753703 0.9543322
1 0.2715757 -0.2544917
1.085546 1 -0.01302031
-0.1973066 0.9146298 1
-0.4878436 -0.1108626 1.158922
1 0.2561645 -0.2975813
1.10898 1 -0.5026795
-0.3612014 1.587982 1
0.2750433 -0.3717624 1.124122
1 0.05273346 0.05111509
0.8690872 1 -0.5157658
-0.06213176 1.071815 1
-0.2453925 -0.04804939 1.040491
1 -0.4258529 0.1213
0.8669493 1 0.08677278
0.03988658 0.8887599 1
0.07257731 0.01598777 0.9182281
1 0.05099787 -0.1678956
0.8959817 1 0.0478663
0.002179392 0.939999 1
-0.3667218 -0.6017925 1.80503
1 -0.7071691 -1.161978
3.461241 1 0.1657314
-0.08156531 1.013865 1
-0.2504537 -0.1054495 1.062927
1 -0.2788633 -0.1238792
1.100299 1 -0.09056485
-0.02768992 0.9912999 1
0.3367735 -0.3742957 1.13122
1 0.0225217 -0.02079735
0.9889382 1 0.0688554
-0.1138662 0.9282194 1
-0.03869246 -0.009315831 0.9598066
1 0.01641179 0.02913796
0.9036623 1 0.006121322
0.01245612 0.9250825 1
0.04455999 0.0301878 0.9007844
1 0.06785019 0.006415301
0.963226 1 0.02060086
0.1005896 0.7878841 1
-0.01552296 -0.2754636 0.8672946
1 -0.2970296 0.09183489
0.7182711 1 -0.3426783
0.09633133 0.7823926 1
0.3470754 -0.2797683 1.097855
1 0.3573264 -0.1402018
1.048488 1 -0.06489339
-0.2393871 0.9012077 1
-0.4009059 0.05159203 0.924858
1 -0.535446 -0.4178818
1.550781 1 -0.4635672
-0.07957399 1.113131 1
-0.5018942 -0.06583244 1.089063
1 0.1209821 -0.2523242
0.8255833 1 -0.2032066
-0.2505228 1.275745 1
-0.2114952 -0.2583977 1.293093
1 -0.04903721 -0.1379612
0.9811714 1 -0.4118609
0.1192929 0.7264584 1
-0.7317129 -0.1597491 1.378652
1 0.1492994 -0.01710019
0.9506075 1 0.4742534
-0.1975957 1.170315 1
0.3643942 -0.197762 1.071744
1 -0.3753656 0.116857
0.7282273 1 -0.1947308
0.1256205 0.7033487 1
-0.2460406 0.1559377 0.7824215
1 -0.3510831 -0.2355836
1.281937 1 -0.3852613
-0.3176354 1.36929 1
0.2975473 -0.1953107 1.065301
1 0.2041461 -0.02039021
0.9523545 1 0.02922586
-0.1226183 0.9417292 1
0.4678581 -1.470472 3.917987
1 0.2578157 -0.2959458
1.149095 1 0.2610044
-0.3140746 1.091075 1
0.2489712 -0.3139029 1.11207
1 0.2858996 -0.1192419
1.072286 1 0.3539136
-0.1270056 1.063445 1
-0.21321 -0.09805316 1.112695
1 -0.2447459 -0.3267376
1.335669 1 -0.3546301
-0.4518599 1.595608 1
-0.1467398 -0.1385383 1.148309
1 0.1053834 0.04459804
0.8658136 1 0.1539548
0.01341522 0.9087635 1
-0.136336 -0.02920949 0.9992066
1 -0.1758045 -0.08042883
1.077439 1 -0.05766929
-0.05392611 1.029856 1
-0.03539875 0.009420523 0.9343771
1 -0.2872494 0.09611864
0.8242823 1 0.06579341
-0.1012922 0.9414006 1
0.05003998 -0.1031029 0.9516701
1 -0.4854737 -0.1146249
1.15931 1 -0.08455446
-0.0230149 0.9959993 1
0.09189067 0.05312607 0.8614783
1 -0.01209718 -0.1153848
0.9720955 1 -0.009441539
-0.1288042 0.9556524 1
0.06779905 -0.1149879 0.9316278
1 0.06650322 -0.1332687
0.9161636 1 0.0521638
-0.1331615 0.9255291 1
-0.05685718 -0.007003007 0.949795
1 -0.05668003 -0.02551344
0.9951243 1 0.05720834
0.02239576 0.9113965 1
0.04896842 0.002302555 0.9394644
1 0.1198784 0.001085618
0.9375291 1 -0.04115519
0.004683107 0.9665799 1
-0.5175164 -0.3486681 1.203394
1 -0.06980199 -0.2440831
0.924518 1 0.1799323
-0.1161712 1.034708 1
0.01983501 0.09651291 0.7601915
1 0.0241778 -0.1556416
0.9198039 1 0.01802811
-0.1984455 0.899714 1
-0.6287696 -0.1974312 1.221093
1 0.2893799 -0.03770798
1.063346 1 -0.4193456
-0.3115574 1.38033 1
-0.3649872 -0.7795545 2.165445
1 -0.3005905 0.09836874
0.8506207 1 0.314283
-0.3196153 1.108046 1
-0.3123161 0.09635101 0.7549132
1 -0.03510907 -0.2032573
0.9239106 1 -0.2572783
-0.002510254 0.973702 1
-0.3898244 0.1201872 0.7230871
1 -0.4750897 -0.2139448
1.252653 1 0.3566618
-0.1416794 1.050777 1
-0.1722205 -0.1954633 1.203339
1 -0.3230122 -0.1423149
1.123641 1 0.2547467
-0.3547909 1.11455 1
0.251005 -0.04827134 0.9958449
1 0.1813604 -0.2410803
1.031968 1 -0.4898097
-0.3808852 1.512393 1
0.3257761 -0.1788904 1.064433
1 0.3092128 -0.1626178
1.074781 1 -0.06121721
-0.1090146 1.005197 1
-0.4944534 -0.3305949 1.423904
1 -0.5325366 -0.4114938
1.526287 1 -0.5868468
-0.4577031 1.582438 1
-0.2431353 -0.048262 1.043821
1 -0.1531172 -0.1108695
1.132984 1 -0.1698534
-0.09952924 1.112377 1
-0.5381469 -0.1244908 1.138355
1 0.3328339 -0.3786344
1.124251 1 0.2930305
-0.3510168 1.104973 1
-0.393744 -0.1701758 1.192217
1 0.1521872 -0.04332796
0.9733647 1 -0.3374691
-0.3468623 1.404094 1
0.2713091 -0.2572764 1.093557
1 0.2567182 -0.2983789
1.152048 1 -0.03306967
-0.04128764 1.013942 1
0.02464057 -0.2097588 0.8949499
1 -0.4915296 0.01401995
0.938639 1 -0.4009966
0.05034313 0.9227736 1
0.01822852 0.002222574 0.9389814
1 -2.208469E-05 0.01041409
0.9160553 1 -0.4771475
-0.2164324 1.25664 1
-0.1960935 0.1232211 0.7189847
1 0.0507613 -0.162064
0.9059567 1 -0.5479521
-0.2170505 1.227537 1
-0.2677281 -0.1229287 1.064842
1 -0.01205379 -0.1660989
0.9390888 1 -0.009098463
-0.1954495 0.9034797 1
-0.04341638 -0.1404614 0.970486
1 0.2952082 -0.3566938
1.119741 1 0.02194623
-0.01377035 0.9824945 1
-0.540139 -0.4226708 1.462913
1 -0.2441857 -0.04787853
1.047327 1 0.4724362
-0.2282526 1.226037 1
0.2993236 -0.1642128 1.062346
1 -0.4294053 -0.6527613
1.977253 1 0.02996584
-0.1256375 0.9328673 1
-0.1846839 -0.08214438 1.092733
1 -0.1647901 -0.1000959
1.101303 1 -0.3644534
-0.1067025 1.082851 1
-0.5542235 -0.128665 1.055156
1 0.08254188 -0.08294104
0.9380795 1 0.1423892
-0.03379369 0.9636849 1
0.1548745 -0.04266339 0.9859964
1 0.150866 0.01219573
0.9155699 1 0.04131545
0.03314566 0.9006255 1
0.04399131 0.01753653 0.9132653
1 0.2587761 -0.2906627
1.096644 1 -0.06406014
-0.05273293 1.029133 1
0.2680502 -0.03826262 0.9788254
1 1.082798 -0.8213324
2.884096 1 0.2836919
-0.2452345 1.088972 1
0.371253 -0.1749569 1.243639
1 0.07603453 -0.2175524
0.856325 1 0.1930773
-0.2695128 1.109507 1
0.1827397 -0.2332029 1.071762
1 -0.2618265 -0.001744286
0.9809403 1 -0.5119936
0.01393549 0.9815615 1
-0.5155917 -0.06660863 1.074822
1 -0.2879911 0.05078929
0.8982348 1 -0.0857396
-0.3012978 0.9084014 1
-0.04999623 -0.2051964 0.9327769
1 -0.03382349 -0.04312321
1.016883 1 0.06183362
-0.1051494 0.9369593 1
-0.240668 -0.05015434 1.054036
1 -0.1341909 -0.03151228
1.003986 1 0.112607
-0.02508047 0.9663039 1
-0.03947415 -0.01084338 0.9561202
1 0.03629603 0.03191313
0.8800954 1 0.0861456
0.01369646 0.9270179 1
0.04941586 -0.02180523 0.9868836
1 0.1472008 0.0139657
0.9134364 1 0.1963449
-0.02022776 0.9591691 1
0.3052931 -0.3154197 1.088153
1 0.3243331 -0.1778582
1.073434 1 0.4824897
-0.1997287 1.2176 1
0.07539674 -0.2142627 0.8522731
1 0.01698831 -0.2145177
0.9418174 1 -0.01466536
-0.1231465 0.9644073 1
0.06169827 -0.1430204 0.9112099
1 -0.2879761 -0.04442597
1.030371 1 -0.3460095
0.09272122 0.7687017 1
-0.3047876 0.1036419 0.852452
1 -0.3745039 0.05161003
0.896161 1 -0.3751885
-0.3210221 1.37292 1
-0.3255204 -0.462067 1.551408
1 -0.2150539 -0.09565663
1.115771 1 -0.2672254
-0.112691 1.101018 1
-0.1515847 -0.1432598 1.153942
1 -0.6739742 -0.3780157
1.293157 1 -0.5859928
-0.4551298 1.576327 1
-0.4859541 -0.3325817 1.135648
1 -0.4406838 -0.1130864
1.161524 1 0.2747785
-0.3752829 1.133981 1
-0.01109943 -0.164231 0.9378111
1 0.06819205 -0.09833672
0.9374027 1 -0.247989
0.1596936 0.7899748 1
-0.4159924 -0.07856587 1.098417
1 -0.2654943 -0.1095768
1.098054 1 -0.3334361
-0.09322505 1.081746 1
0.3567081 -0.1978024 1.053486
1 0.3572975 -0.122867
1.10322 1 0.250815
-0.3137681 1.114361 1
-0.3215931 -0.1399338 1.112457
1 0.01375331 0.03074052
0.9038596 1 -0.4983537
-0.3291354 1.424793 1
-0.1150021 -0.05219549 1.031955
1 -0.08931742 -0.02692606
1.000666 1 -0.08043859
-0.06474287 1.052603 1
-0.3361469 -0.4411972 1.552914
1 -0.5745485 -0.4801698
1.611855 1 -0.04688548
-0.1368956 0.9768027 1
-0.1999542 -0.1062059 1.121062
1 -0.2717044 -0.1109201
1.097957 1 -0.3291389
-0.1418434 1.13405 1
0.03709363 -0.268582 0.8646746
1 -0.4963337 -0.3301048
1.423142 1 -0.433139
-0.1105518 1.140291 1
-0.4147424 -0.1579098 1.142703
1 -0.2234535 -0.08750678
1.087677 1 -0.3388276
-0.441561 1.552761 1
-0.1107784 -0.04720256 1.036118
1 0.07304941 0.05749087
0.8433649 1 0.07822872
-0.01332116 0.9689075 1
0.1527845 -0.2970161 0.8946162
1 -0.4930017 0.01537113
0.9384793 1 -0.03373875
-0.2021208 0.924465 1
-0.7035047 -0.3847118 1.335791
1 0.04760342 -0.1008173
0.9522263 1 -0.5846393
-0.4457673 1.605628 1
-0.3761152 -0.3366365 1.40269
1 0.1879171 -0.009053368
0.939478 1 -0.5749295
-0.1588567 1.164768 1
-0.1880664 -0.05693826 1.045886
1 0.03586719 0.035904
0.895314 1 0.06467922
-0.149933 0.9073547 1
-0.187904 -0.05783252 1.042876
1 -0.2264305 -0.08914705
1.101765 1 0.1089247
0.02098677 0.8933365 1
0.03403462 -0.2670257 0.8662415
1 0.06270935 -0.1693915
0.8920684 1 -0.3965818
-0.5254526 1.608994 1
0.1540462 -0.290216 0.8637726
1 0.07995609 0.06286495
0.9312645 1 0.05903384
-0.1762596 0.9004821 1
-0.5686524 -0.1590969 1.154384
1 -0.08031863 0.0827407
0.8441869 1 0.3117349
-0.3199228 1.106443 1
-0.4705577 -0.1549141 1.146214
1 -0.5285609 -0.2445797
1.290606 1 0.3839978
-0.06183472 1.321617 1
-0.3356059 -0.03319539 1.015182
1 -0.3472221 -0.1859601
1.209249 1 -0.03377995
-0.04107089 1.014071 1
-0.528551 -0.2004306 1.222416
1 -0.1619951 -0.0307515
1.009485 1 0.08749044
0.03856399 0.8827581 1
0.12135 -0.2502999 0.8250052
1 -0.5181555 -0.2455253
1.289999 1 -0.4497117
-0.07342738 1.100898 1
0.2039388 -0.2873531 1.092547
1 -0.489594 -0.1468408
1.143306 1 -0.1666366
-0.1195572 1.139837 1
0.1095354 0.02378033 0.9025564
1 -0.763943 -1.569853
4.87714 1 -0.06898386
-0.0408412 1.016584 1
0.01901157 -0.1929836 0.8901291
1 -0.02297388 -0.04218164
1.004064 1 1.257624
-0.2891525 2.647288 1
0.1404422 0.02332609 0.8965849
1 -0.522069 -0.06948002
1.082615 1 0.01750888
-0.02394443 1.005827 1
0.1073541 0.0223795 0.9025492
1 0.01877025 0.005730171
0.935665 1 -0.4445401
-0.3016389 1.359756 1
1.251879 -1.182782 3.220582
1 -0.3398086 -0.0347274
1.033003 1 -0.1850206
-0.3230712 1.342393 1
-0.5454502 -0.4763726 1.558407
1 -0.2551767 -0.7604376
2.34329 1 -0.4102359
-0.3637386 1.45324 1
-0.5116051 -0.9884017 2.806022
1 -0.08163141 -0.02307951
0.9916579 1 0.01394506
-0.2791041 0.8705026 1
-0.11921 -0.2004818 1.198146
1 0.3003515 -0.1665763
1.06416 1 0.2702999
-0.2417012 1.057135 1
0.06062213 -0.2021877 0.8619002
1 -0.5563692 -0.08045085
1.111614 1 -0.536276
-0.6825098 2.160669 1
-0.5018473 -0.6558348 1.927067
1 -0.3459799 -0.6000081
1.79144 1 -0.2868752
0.05069437 0.9097782 1
-0.3431383 0.004431148 0.9401506
1 0.2333049 -0.3570116
1.066758 1 -0.6230707
-0.1854436 1.219055 1
-0.4518293 -0.04631897 1.040415
1 -0.4562678 -0.08177127
1.111596 1 -0.08238631
-0.3039847 0.9311056 1
-0.4151204 -0.1625286 1.192635
1 1.656702 -0.2002571
2.561284 1 -0.6217775
-0.4538314 1.483091 1
-0.4118505 -0.31081 1.389162
1 -0.5181995 -0.06905427
1.067393 1 -0.01419777
-0.2689062 0.8450515 1
-0.316502 -0.07119637 1.096134
1 -0.3432558 -0.09851366
1.094752 1 -0.3656625
-0.108478 1.121924 1
-0.07766057 -0.2324372 1.146026
1 -0.05189711 -0.4082464
1.439884 1 -0.06691886
0.08545446 0.8545693 1
-0.05551808 -0.2529445 0.9637225
1 -0.4158829 -0.364329
1.480327 1 -0.2181684
-0.5520744 1.76264 1
-0.1856818 -0.3180198 1.334401
1 -0.1104726 -0.4049994
1.521877 1 0.1112047
0.04762515 0.8759239 1
2.238928 -0.4581103 2.582475
1 1.823874 -0.03158028
2.173989 1 -0.4553574
-0.1028958 1.149915 1
-0.4017585 -0.08109826 1.101376
1 -0.05065351 -0.3446038
0.9945089 1 -0.5622323
-0.161615 1.184023 1
-0.5562968 -0.08165166 1.120096
1 -0.5370679 -0.1320476
1.157688 1 -0.5715659
-0.1255041 1.112357 1
-0.541318 -0.05974831 1.073297
1 -0.1178468 -0.2724801
1.179159 1 -0.08409487
-0.2019387 1.158032 1
-0.07211417 0.06473938 0.8662625
1 -0.08238441 0.0571887
0.8775512 1 0.008574471
-0.2805243 0.8940564 1
-0.4040504 -0.1216302 1.158926
1 -0.4601362 -0.1529648
1.160215 1 -0.2402221
-0.08072142 1.040238 1
-0.2202683 -0.5437731 1.734972
1 -0.1996372 -0.1055828
1.120298 1 -0.3366352
-0.3256201 1.41844 1
-0.08292522 -0.1131876 1.10039
1 -0.09019437 -0.1394669
1.176481 1 1.889044
-0.5340211 2.636683 1
2.278222 -0.2739053 2.507655
1 0.05323216 0.04136214
0.9016356 1 -0.05198053
-0.2580505 1.166233 1
0.06184805 -0.2034477 0.8748417
1 -0.3433262 -0.09815707
1.099492 1 -0.3495983
0.1014944 0.8238869 1
-0.6496608 -0.2671604 1.345104
1 -0.5301111 -0.6602407
2.08032 1 -0.3061118
-0.07366326 1.077327 1
0.1523702 -0.08109021 0.970778
1 0.1413381 -0.05079288
0.9701603 1 -0.08561996
-0.2018004 1.146369 1
-0.3588859 -0.3430634 1.38534
1 -0.1768874 -0.07974405
1.070619 1 -0.1384743
-0.4013892 1.492153 1
-0.5325549 -0.06102398 1.024252
1 -0.102929 -0.1659802
1.182397 1 0.06316949
-0.01630075 0.9325958 1
1.639384 -0.2259614 1.92801
1 2.651334 -0.5200639
2.982229 1 1.818131
-0.7764271 2.397969 1
0.2338797 -0.3576448 1.067854
1 -0.3717877 -0.0001675245
0.9373079 1 -0.5808118
-0.4490186 1.552214 1
-0.3824092 -0.1308258 1.175561
1 -0.5289434 -0.2341748
1.243769 1 -0.06331869
-0.333502 0.9546439 1
-0.1100424 -0.04942023 1.021407
1 2.062573 -0.03428675
2.365301 1 2.028425
-0.8433362 2.621351 1
3.823201 -0.6946284 4.11421
1 1.000976 -1.122425
2.670557 1 0.1641201
-0.2992745 0.9026674 1
-0.4921142 0.0133238 0.9336836
1 -0.5247439 -0.0688219
1.081559 1 1.642446
-0.210616 2.556072 1
-0.3388484 -0.09854479 1.135795
1 -0.5370873 -0.6883224
2.167204 1 -0.5742728
-0.1264299 1.121655 1
-0.08420769 -0.2352064 1.144622
1 -0.07998374 -0.3891177
1.365231 1 -0.5371352
-0.2431098 1.303389 1
0.2202009 -0.01868901 0.9841415
1 -0.09478754 -0.1660858
1.206759 1 0.05735215
-0.2020406 0.8723937 1
2.052544 -0.2328077 3.093354
1 -0.4361819 -0.5520545
1.721401 1 -0.5738528
-0.4360199 1.504547 1
-0.3898569 -0.1323675 1.183518
1 -0.340456 -0.09778128
1.117653 1 -0.1812049
-0.3378162 1.393321 1
0.1522813 -0.1195171 0.939659
1 -0.590035 -0.4289857
1.440977 1 -0.06165319
-0.4850225 1.591016 1
-0.07172124 -0.2397032 1.202662
1 -0.4983974 -0.3878942
1.537769 1 -0.5311981
-0.1381377 1.145142 1
-0.09312566 -0.1638885 1.192827
1 0.03591659 -0.330012
0.9284026 1 3.463294
-0.01251596 3.671595 1
-0.5855464 -0.1314352 1.122625
1 -0.5524407 -0.08175045
1.102863 1 -0.3862207
-0.1795109 1.202266 1
0.1280012 0.02157848 0.8753628
1 -0.3379374 -0.3165962
1.375589 1 0.01801077
-0.02110375 0.9432306 1
-0.09176496 -0.4405597 1.524986
1 -0.4546901 -0.2302375
1.246344 1 -0.2372049
-0.08033545 1.062421 1
-0.4852731 -0.3814237 1.517943
1 -0.08840449 -0.1374768
1.169912 1 -0.3555543
-0.3297541 1.319378 1
-0.3868357 -0.1777984 1.171442
1 0.3303815 -0.1815182
1.062457 1 -0.3167245
-0.07332269 1.100794 1
-0.09853502 -0.1663802 1.205482
1 1.626001 -0.202968
2.522824 1 0.1596174
-0.1148609 0.9626169 1
-0.287301 -0.6635548 2.084097
1 -0.07630365 -0.2357251
1.159239 1 -0.2309272
-0.01294729 0.7823733 1
-0.3372719 -0.3496147 1.40218
1 -0.07456676 -0.1429675
1.084113 1 -0.1065892
-0.04977956 1.033595 1
1.897165 -0.4918822 2.670327
1 -0.06204334 -0.4791581
1.56722 1 -0.09090155
-0.442906 1.537799 1
-0.5053695 -0.1931358 1.231444
1 -0.08645865 -0.07294729
1.080155 1 -0.08824377
-0.4481892 1.558978 1
0.01962208 -0.188448 0.8002624
1 0.1562204 -0.1173725
0.9532768 1 0.3448286
-0.1486948 1.041107 1
0.3503127 -0.1663731 1.009376
1 0.1540087 -0.08346978
0.9716231 1 -0.4809166
0.03121636 0.878557 1
0.07413264 -0.2164636 0.5511969
1 0.1490163 -0.2930484
0.882369 1 -0.1999545
-0.07701691 1.066177 1
-0.3245238 -0.3614801 1.435007
1 -0.4434812 -0.1075648
1.15441 1 0.3484991
-0.9210103 3.364667 1
0.03260106 -0.264819 0.8450582
1 0.07696503 0.04694895
0.8273011 1 -0.3872369
-0.1330474 1.187693 1
-0.3460619 -0.2375744 1.277448
1 0.3315321 -0.1377746
1.014967 1 0.1241103
-0.2549046 0.8424521 1
0.01899797 0.007723224 0.9382312
1 -0.2505121 -0.0456726
1.031651 1 -0.490165
-0.3914206 1.553959 1
-0.1235663 -0.02130496 0.9986395
1 -0.1549078 -0.1083027
1.121895 1 -0.03910334
0.00375008 1.020833 1
-0.1558449 -0.3896262 1.492676
1 0.003638236 -0.1289799
1.022901 1 0.3228102
-0.1372635 0.999333 1
-0.1798222 -0.2118266 1.414228
1 -0.09732823 -0.09945644
1.044066 1 -0.2514442
-0.07129679 1.072809 1
0.3627291 -0.2265597 1.099218
1 -0.1417204 -0.4024372
1.50227 1 -0.311873
-0.1432488 1.103997 1
-0.1110598 -0.1327771 1.048033
1 -0.4731174 -0.3783144
1.485683 1 -0.1322735
-0.05824953 1.055449 1
0.02678993 0.04418025 0.8266025
1 -0.3314841 -0.03093967
1.036856 1 -0.4161651
-0.3153299 1.386635 1
-0.1157173 -0.4337295 1.568979
1 0.1681464 -0.2267084
0.923597 1 0.1727993
-0.3799542 1.188327 1
0.1774615 -0.3830445 1.200116
1 0.1970241 -0.2548269
0.9890261 1 -0.1023403
-0.1018031 1.013996 1
0.1330328 0.004756113 0.8717507
1 -0.3753953 -0.3985372
1.492523 1 2.601483
-0.6390096 3.564672 1
0.3556462 -0.2327634 1.069603
1 0.2650523 -0.03390335
0.9282884 1 0.1688701
-0.2721042 1.076714 1
0.3381987 -0.2073375 0.9701318
1 0.1545316 -0.3007839
1.14306 1 0.1866396
-0.2282058 1.057363 1
0.4077481 -0.1267604 1.163125
1 -0.8521275 -1.858171
4.906173 1 -0.4097095
-0.9179515 1.809035 1
-0.2387873 -0.3314127 1.310082
1 -0.4599567 -0.9780433
1.935136 1 -0.0716277
-0.2432493 0.9386064 1
0.1983895 -0.2950504 1.151227
1 0.1697827 -0.2708197
1.095468 1 -0.1441034
-0.4565006 1.276558 1
0.2596905 -0.2841509 1.060764
1 0.03609636 -0.1895657
0.8434993 1 1.800608
-0.6764894 2.144682 1
-0.4006598 -1.001559 1.983096
1 0.4275285 -0.1395383
1.189175 1 0.2608237
-0.0343931 0.8696408 1
2.330298 -0.8541279 2.836762
1 0.335895 -0.360555
1.11011 1 0.1583271
-0.2951445 1.133013 1
-0.2654516 -0.6265148 2.070972
1 0.3822707 -0.06021614
1.319042 1 1.641965
-0.1701045 2.367563 1
0.4153469 -0.1344136 1.125157
1 -0.3965371 -1.000603
1.970215 1 -0.1914679
-0.3071602 1.189897 1
0.1577432 -0.2614417 0.9016133
1 -0.1465215 -0.13942
1.167992 1 -0.6969675
-2.296267 4.214616 1
0.3242338 -0.3299078 0.999907
1 -0.3041881 -0.6644484
2.190789 1 -0.1300759
-0.1393748 1.097205 1
0.2402559 -0.2331607 1.043522
1 1.725211 -0.1900894
2.517914 1 0.5597622
-0.2758138 1.65678 1
1.069318 -0.428116 3.011555
1 0.3644329 -0.2330988
1.123811 1 0.3447008
-0.1322941 0.9838042 1
0.1521055 -0.2827377 0.9934496
1 -0.1681724 -0.1436894
1.205974 1 2.346756
-0.861428 2.894733 1
0.181638 -0.1191723 1.173241
1 0.3892809 -0.1233971
1.012975 1 0.3172208
-0.3049046 0.8875405 1
0.2923107 -0.3486 1.077339
1 0.1124901 -0.254441
0.8332551 1 -0.005282914
-0.0007764733 0.9239702 1
0.03239407 -0.01796502 0.9625474
1 0.06395922 0.01833416
0.9177608 1 0.2306175
-0.08987553 1.02179 1
0.2322246 -0.2471137 1.073815
1 0.04869018 -0.1334707
0.934654 1 -0.475703
-0.8582265 2.413097 1
0.3565943 -0.1264072 1.070806
1 -0.04512744 -0.1366823
0.9705753 1 0.2482833
-0.1122994 1.01771 1
0.03877513 -0.1890354 0.8303245
1 0.08424346 -0.2131832
0.8220019 1 0.06261513
-0.1353786 0.9279103 1
0.1705656 -0.2694388 1.05864
1 0.01774159 -0.01649656
1.024108 1 0.3858026
-0.09893806 1.071837 1
0.1632658 -0.2844957 1.150622
1 0.2097735 -0.261513
1.160791 1 0.01075682
-0.03908197 1.033735 1
-0.09364282 -0.07530215 1.047221
1 1.338245 -0.2279474
2.343481 1 0.9452771
-0.3669543 2.505762 1
0.2739116 -0.1172342 1.137777
1 -0.1541222 -0.04254136
1.018119 1 0.3438895
-0.1249325 1.002033 1
0.2924462 -0.1915096 1.036609
1 0.2716728 -0.03582232
1.022871 1 -0.6024284
-0.742098 2.366344 1
0.2543456 -0.2333808 1.058173
1 0.1527351 -0.2993489
0.9073732 1 0.01085052
-0.2838609 0.898485 1
-0.2029868 -0.8425848 1.71079
1 0.4682249 -0.1927569
1.130424 1 0.008696364
-0.2863269 0.905683 1
0.1532242 -0.2963902 0.8919255
1 -0.07741626 -0.4967069
1.645658 1 -0.4003827
-0.809835 2.269133 1
2.0854 -0.5523521 2.789644
1 0.3377246 -0.4079012
1.234493 1 0.1518924
-0.2881969 0.8565263 1
0.07431031 -0.01394302 0.9396558
1 0.05760114 -0.01799026
0.9568508 1 0.01725197
0.009307515 0.8943607 1
0.07293923 0.01159478 0.9197837
1 0.1774162 -0.1164394
1.084039 1 0.06275363
-0.1697507 0.9051902 1
-0.05363906 -0.1063405 0.9743936
1 0.08720699 -0.2751266
0.8517886 1 1.399499
-0.1918615 2.203444 1
0.2027378 -0.1084626 0.1064262
1 -0.03347478 -0.2957989
0.9697374 1 -0.07759727
-0.02600849 0.9728467 1
0.3446445 -0.222834 0.9975653
1 0.1067823 0.01913865
0.8861893 1 0.08339511
-0.01705328 0.9175062 1
0.07587729 0.01319124 0.877836
1 0.2032099 -0.3117015
1.119114 1 0.07004421
0.01545884 0.9121155 1
0.08203904 -0.0141836 0.9458287
1 1.359007 -0.3143611
